(1019,(2021,01,22,19,21,06),-1,[(,2000,,,[('force', 0)]),(,2199,,,[('force', 0)]),(,2198,,,[('force', 0)]),(,2000,,,[('force', 0)]),(,2198,,,[('force', 0)]),(,2198,,,[('force', 0)]),(,2197,,,[('force', 0)]),(,2198,,,[('force', 0)]),(,2198,,,[('force', 0)]),(,2989,,,[('force', 0)]),(,2500,,,[('force', 0)]),(,2000,,,[('force', 0)]),(,2500,,,[('force', 0)]),(,2198,,,[('force', 0)]),(,2198,,,[('force', 0)]),(,2100,,.,[('force', 0)])])
(1019,(2021,01,22,19,21,06),-1,[(,2000,,,[('force', 0)]),(,2199,,,[('force', 0)]),(,2198,,,[('force', 0)]),(,2000,,,[('force', 0)]),(,2198,,,[('force', 0)]),(,2198,,,[('force', 0)]),(,2197,,,[('force', 0)]),(,2198,,,[('force', 0)]),(,2198,,,[('force', 0)]),(,2989,,,[('force', 0)]),(,2500,,,[('force', 0)]),(,2000,,,[('force', 0)]),(,2500,,,[('force', 0)]),(,2198,,,[('force', 0)]),(,2198,,,[('force', 0)]),(,2100,,.,[('force', 0)])])
(1019,(2021,01,22,19,21,06),-1,[(,2000,,,[('force', 0)]),(,2199,,,[('force', 0)]),(,2198,,,[('force', 0)]),(,2000,,,[('force', 0)]),(,2198,,,[('force', 0)]),(,2198,,,[('force', 0)]),(,2197,,,[('force', 0)]),(,2198,,,[('force', 0)]),(,2198,,,[('force', 0)]),(,2989,,,[('force', 0)]),(,2500,,,[('force', 0)]),(,2000,,,[('force', 0)]),(,2500,,,[('force', 0)]),(,2198,,,[('force', 0)]),(,2198,,,[('force', 0)]),(,2100,,.,[('force', 0)])])
(1019,(2021,01,22,19,21,06),-1,[(,2000,,,[('force', 0)]),(,2199,,,[('force', 0)]),(,2198,,,[('force', 0)]),(,2000,,,[('force', 0)]),(,2198,,,[('force', 0)]),(,2198,,,[('force', 0)]),(,2197,,,[('force', 0)]),(,2198,,,[('force', 0)]),(,2198,,,[('force', 0)]),(,2989,,,[('force', 0)]),(,2500,,,[('force', 0)]),(,2000,,,[('force', 0)]),(,2500,,,[('force', 0)]),(,2198,,,[('force', 0)]),(,2198,,,[('force', 0)]),(,2100,,.,[('force', 0)])])
(1019,(2021,01,22,19,21,06),-1,[(,2199,,,[('force', 0)]),(,2198,,,[('force', 0)]),(,2000,,,[('force', 0)]),(,2198,,,[('force', 0)]),(,2198,,,[('force', 0)]),(,2197,,,[('force', 0)]),(,2198,,,[('force', 0)]),(,2198,,,[('force', 0)]),(,2989,,,[('force', 0)]),(,2500,,,[('force', 0)]),(,2000,,,[('force', 0)]),(,2500,,,[('force', 0)]),(,2198,,,[('force', 0)]),(,2198,,,[('force', 0)]),(,2100,,.,[('force', 0)])])
(1019,(2021,01,22,19,21,06),-1,[(,2199,,,[('force', 0)]),(,2198,,,[('force', 0)]),(,2000,,,[('force', 0)]),(,2198,,,[('force', 0)]),(,2198,,,[('force', 0)]),(,2197,,,[('force', 0)]),(,2198,,,[('force', 0)]),(,2198,,,[('force', 0)]),(,2989,,,[('force', 0)]),(,2500,,,[('force', 0)]),(,2000,,,[('force', 0)]),(,2500,,,[('force', 0)]),(,2198,,,[('force', 0)]),(,2198,,,[('force', 0)]),(,2100,,.,[('force', 0)])])
(1019,(2021,01,22,19,21,06),-1,[(,2199,,,[('force', 0)]),(,2198,,,[('force', 0)]),(,2000,,,[('force', 0)]),(,2198,,,[('force', 0)]),(,2198,,,[('force', 0)]),(,2197,,,[('force', 0)]),(,2198,,,[('force', 0)]),(,2198,,,[('force', 0)]),(,2989,,,[('force', 0)]),(,2500,,,[('force', 0)]),(,2000,,,[('force', 0)]),(,2500,,,[('force', 0)]),(,2198,,,[('force', 0)]),(,2198,,,[('force', 0)]),(,2100,,.,[('force', 0)])])
(1019,(2021,01,22,19,21,35),-1,[(,2000,,,[('force', 0)]),(,2199,,,[('force', 0)]),(,2198,,,[('force', 0)]),(,2000,,,[('force', 0)]),(,2198,,,[('force', 0)]),(,2198,,,[('force', 0)]),(,2197,,,[('force', 0)]),(,2198,,,[('force', 0)]),(,2198,,,[('force', 0)]),(,2989,,,[('force', 0)]),(,2500,,,[('force', 0)]),(,2000,,,[('force', 0)]),(,2500,,,[('force', 0)]),(,2198,,,[('force', 0)]),(,2198,,,[('force', 0)]),(,2100,,.,[('force', 0)])])
(1019,(2021,01,22,19,21,35),-1,[(,2000,,,[('force', 0)]),(,2199,,,[('force', 0)]),(,2198,,,[('force', 0)]),(,2000,,,[('force', 0)]),(,2198,,,[('force', 0)]),(,2198,,,[('force', 0)]),(,2197,,,[('force', 0)]),(,2198,,,[('force', 0)]),(,2198,,,[('force', 0)]),(,2989,,,[('force', 0)]),(,2500,,,[('force', 0)]),(,2000,,,[('force', 0)]),(,2500,,,[('force', 0)]),(,2198,,,[('force', 0)]),(,2198,,,[('force', 0)]),(,2100,,.,[('force', 0)])])
(1019,(2021,01,22,19,21,35),-1,[(,2000,,,[('force', 0)]),(,2199,,,[('force', 0)]),(,2198,,,[('force', 0)]),(,2000,,,[('force', 0)]),(,2198,,,[('force', 0)]),(,2198,,,[('force', 0)]),(,2197,,,[('force', 0)]),(,2198,,,[('force', 0)]),(,2198,,,[('force', 0)]),(,2989,,,[('force', 0)]),(,2500,,,[('force', 0)]),(,2000,,,[('force', 0)]),(,2500,,,[('force', 0)]),(,2198,,,[('force', 0)]),(,2198,,,[('force', 0)]),(,2100,,.,[('force', 0)])])
(1019,(2021,01,22,19,21,35),-1,[(,2000,,,[('force', 0)]),(,2199,,,[('force', 0)]),(,2198,,,[('force', 0)]),(,2000,,,[('force', 0)]),(,2198,,,[('force', 0)]),(,2198,,,[('force', 0)]),(,2197,,,[('force', 0)]),(,2198,,,[('force', 0)]),(,2198,,,[('force', 0)]),(,2989,,,[('force', 0)]),(,2500,,,[('force', 0)]),(,2000,,,[('force', 0)]),(,2500,,,[('force', 0)]),(,2198,,,[('force', 0)]),(,2198,,,[('force', 0)]),(,2100,,.,[('force', 0)])])
(1019,(2021,01,22,19,21,35),-1,[(,2199,,,[('force', 0)]),(,2198,,,[('force', 0)]),(,2000,,,[('force', 0)]),(,2198,,,[('force', 0)]),(,2198,,,[('force', 0)]),(,2197,,,[('force', 0)]),(,2198,,,[('force', 0)]),(,2198,,,[('force', 0)]),(,2989,,,[('force', 0)]),(,2500,,,[('force', 0)]),(,2000,,,[('force', 0)]),(,2500,,,[('force', 0)]),(,2198,,,[('force', 0)]),(,2198,,,[('force', 0)]),(,2100,,.,[('force', 0)])])
(1019,(2021,01,22,19,21,35),-1,[(,2199,,,[('force', 0)]),(,2198,,,[('force', 0)]),(,2000,,,[('force', 0)]),(,2198,,,[('force', 0)]),(,2198,,,[('force', 0)]),(,2197,,,[('force', 0)]),(,2198,,,[('force', 0)]),(,2198,,,[('force', 0)]),(,2989,,,[('force', 0)]),(,2500,,,[('force', 0)]),(,2000,,,[('force', 0)]),(,2500,,,[('force', 0)]),(,2198,,,[('force', 0)]),(,2198,,,[('force', 0)]),(,2100,,.,[('force', 0)])])
(1019,(2021,01,22,19,21,35),-1,[(,2199,,,[('force', 0)]),(,2198,,,[('force', 0)]),(,2000,,,[('force', 0)]),(,2198,,,[('force', 0)]),(,2198,,,[('force', 0)]),(,2197,,,[('force', 0)]),(,2198,,,[('force', 0)]),(,2198,,,[('force', 0)]),(,2989,,,[('force', 0)]),(,2500,,,[('force', 0)]),(,2000,,,[('force', 0)]),(,2500,,,[('force', 0)]),(,2198,,,[('force', 0)]),(,2198,,,[('force', 0)]),(,2100,,.,[('force', 0)])])
