(10733,(2021,01,22,18,25,14),-1,[(,65000,,.,[('force', 0)])])
(10733,(2021,01,22,18,25,14),-1,[(,65000,,.,[('force', 0)])])
(10733,(2021,01,22,18,25,14),-1,[(,65000,,.,[('force', 0)])])
(10733,(2021,01,22,18,25,14),-1,[(,65000,,.,[('force', 0)])])
(10733,(2021,01,22,18,25,14),-1,[(,65000,,.,[('force', 0)])])
(10733,(2021,01,22,18,25,14),-1,[(,65000,,.,[('force', 0)])])
(10733,(2021,01,22,18,25,14),-1,[(,65000,,.,[('force', 0)])])
(10733,(2021,01,22,18,25,14),-1,[(,65000,,.,[('force', 0)])])
(10733,(2021,01,22,18,25,14),-1,[(,65000,,.,[('force', 0)])])
(10733,(2021,01,22,18,25,14),-1,[(,65000,,.,[('force', 0)])])
(10733,(2021,01,22,18,25,14),-1,[(,65000,,.,[('force', 0)])])
(10733,(2021,01,22,18,25,14),-1,[(,65000,,.,[('force', 0)])])
(10733,(2021,01,22,18,25,37),-1,[(,65000,,.,[('force', 0)])])
(10733,(2021,01,22,18,25,37),-1,[(,65000,,.,[('force', 0)])])
(10733,(2021,01,22,18,25,37),-1,[(,65000,,.,[('force', 0)])])
(10733,(2021,01,22,18,25,37),-1,[(,65000,,.,[('force', 0)])])
(10733,(2021,01,22,18,25,37),-1,[(,65000,,.,[('force', 0)])])
(10733,(2021,01,22,18,25,37),-1,[(,65000,,.,[('force', 0)])])
(10733,(2021,01,22,18,25,37),-1,[(,65000,,.,[('force', 0)])])
(10733,(2021,01,22,18,25,37),-1,[(,65000,,.,[('force', 0)])])
(10733,(2021,01,22,18,25,37),-1,[(,65000,,.,[('force', 0)])])
(10733,(2021,01,22,18,25,37),-1,[(,65000,,.,[('force', 0)])])
(10733,(2021,01,22,18,25,37),-1,[(,65000,,.,[('force', 0)])])
(10733,(2021,01,22,18,25,37),-1,[(,65000,,.,[('force', 0)])])
