(2104,(2021,01,22,18,25,14),-1,[(,14999,,,[('force', 0)]),(,14888,,,[('force', 0)]),(,14888,,,[('force', 0)]),(,19000,,,[('force', 0)]),(,14888,,,[('force', 0)]),(,17500,,,[('force', 0)]),(,15000,,.,[('force', 0)])])
(2104,(2021,01,22,18,25,14),-1,[(,14999,,,[('force', 0)]),(,14888,,,[('force', 0)]),(,14888,,,[('force', 0)]),(,19000,,,[('force', 0)]),(,14888,,,[('force', 0)]),(,17500,,,[('force', 0)]),(,15000,,.,[('force', 0)])])
(2104,(2021,01,22,18,25,14),-1,[(,14999,,,[('force', 0)]),(,14888,,,[('force', 0)]),(,14888,,,[('force', 0)]),(,19000,,,[('force', 0)]),(,14888,,,[('force', 0)]),(,17500,,,[('force', 0)]),(,15000,,.,[('force', 0)])])
(2104,(2021,01,22,18,25,14),-1,[(,14999,,,[('force', 0)]),(,14888,,,[('force', 0)]),(,14888,,,[('force', 0)]),(,19000,,,[('force', 0)]),(,14888,,,[('force', 0)]),(,17500,,,[('force', 0)]),(,14800,,,[('force', 0)]),(,15000,,.,[('force', 0)])])
(2104,(2021,01,22,18,25,14),-1,[(,14999,,,[('force', 0)]),(,14888,,,[('force', 0)]),(,14888,,,[('force', 0)]),(,19000,,,[('force', 0)]),(,14888,,,[('force', 0)]),(,17500,,,[('force', 0)]),(,14800,,,[('force', 0)]),(,15000,,.,[('force', 0)])])
(2104,(2021,01,22,18,25,14),-1,[(,14999,,,[('force', 0)]),(,14888,,,[('force', 0)]),(,14888,,,[('force', 0)]),(,19000,,,[('force', 0)]),(,14888,,,[('force', 0)]),(,17500,,,[('force', 0)]),(,14800,,,[('force', 0)]),(,15000,,.,[('force', 0)])])
(2104,(2021,01,22,18,25,37),-1,[(,14999,,,[('force', 0)]),(,14888,,,[('force', 0)]),(,14888,,,[('force', 0)]),(,19000,,,[('force', 0)]),(,14888,,,[('force', 0)]),(,17500,,,[('force', 0)]),(,15000,,.,[('force', 0)])])
(2104,(2021,01,22,18,25,37),-1,[(,14999,,,[('force', 0)]),(,14888,,,[('force', 0)]),(,14888,,,[('force', 0)]),(,19000,,,[('force', 0)]),(,14888,,,[('force', 0)]),(,17500,,,[('force', 0)]),(,15000,,.,[('force', 0)])])
(2104,(2021,01,22,18,25,37),-1,[(,14999,,,[('force', 0)]),(,14888,,,[('force', 0)]),(,14888,,,[('force', 0)]),(,19000,,,[('force', 0)]),(,14888,,,[('force', 0)]),(,17500,,,[('force', 0)]),(,15000,,.,[('force', 0)])])
(2104,(2021,01,22,18,25,37),-1,[(,14999,,,[('force', 0)]),(,14888,,,[('force', 0)]),(,14888,,,[('force', 0)]),(,19000,,,[('force', 0)]),(,14888,,,[('force', 0)]),(,17500,,,[('force', 0)]),(,14800,,,[('force', 0)]),(,15000,,.,[('force', 0)])])
(2104,(2021,01,22,18,25,37),-1,[(,14999,,,[('force', 0)]),(,14888,,,[('force', 0)]),(,14888,,,[('force', 0)]),(,19000,,,[('force', 0)]),(,14888,,,[('force', 0)]),(,17500,,,[('force', 0)]),(,14800,,,[('force', 0)]),(,15000,,.,[('force', 0)])])
(2104,(2021,01,22,18,25,37),-1,[(,14999,,,[('force', 0)]),(,14888,,,[('force', 0)]),(,14888,,,[('force', 0)]),(,19000,,,[('force', 0)]),(,14888,,,[('force', 0)]),(,17500,,,[('force', 0)]),(,14800,,,[('force', 0)]),(,15000,,.,[('force', 0)])])
