(2264,(2021,01,22,18,25,14),-1,[(,1000,19998,.,[('force', 0)])])
(2264,(2021,01,22,18,25,14),-1,[(,1000,19998,.,[('force', 0)])])
(2264,(2021,01,22,18,25,14),-1,[(,1000,19998,.,[('force', 0)])])
(2264,(2021,01,22,18,25,14),-1,[(,1000,19998,.,[('force', 0)])])
(2264,(2021,01,22,18,25,14),-1,[(,1000,19998,.,[('force', 0)])])
(2264,(2021,01,22,18,25,14),-1,[(,999,19998,.,[('force', 0)])])
(2264,(2021,01,22,18,25,14),-1,[(,999,19998,.,[('force', 0)])])
(2264,(2021,01,22,18,25,37),-1,[(,1000,19998,.,[('force', 0)])])
(2264,(2021,01,22,18,25,37),-1,[(,1000,19998,.,[('force', 0)])])
(2264,(2021,01,22,18,25,37),-1,[(,1000,19998,.,[('force', 0)])])
(2264,(2021,01,22,18,25,37),-1,[(,1000,19998,.,[('force', 0)])])
(2264,(2021,01,22,18,25,37),-1,[(,1000,19998,.,[('force', 0)])])
(2264,(2021,01,22,18,25,37),-1,[(,999,19998,.,[('force', 0)])])
(2264,(2021,01,22,18,25,37),-1,[(,999,19998,.,[('force', 0)])])
