(2266,(2021,01,22,19,21,06),-1,[(,10000,,.,[('force', 0)])])
(2266,(2021,01,22,19,21,06),-1,[(,10000,,.,[('force', 0)])])
(2266,(2021,01,22,19,21,06),-1,[(,10000,,.,[('force', 0)])])
(2266,(2021,01,22,19,21,06),-1,[(,10000,,.,[('force', 0)])])
(2266,(2021,01,22,19,21,06),-1,[(,10000,,.,[('force', 0)])])
(2266,(2021,01,22,19,21,06),-1,[(,10000,,.,[('force', 0)])])
(2266,(2021,01,22,19,21,06),-1,[(,10000,,.,[('force', 0)])])
(2266,(2021,01,22,19,21,06),-1,[(,10000,,.,[('force', 0)])])
(2266,(2021,01,22,19,21,06),-1,[(,10000,,.,[('force', 0)])])
(2266,(2021,01,22,19,21,06),-1,[(,10000,,.,[('force', 0)])])
(2266,(2021,01,22,19,21,06),-1,[(,10000,,.,[('force', 0)])])
(2266,(2021,01,22,19,21,06),-1,[(,10000,,.,[('force', 0)])])
