(2315,(2021,01,22,18,25,14),-1,[(,200,2500,.,[('force', 0)])])
(2315,(2021,01,22,18,25,14),-1,[(,200,2500,.,[('force', 0)])])
(2315,(2021,01,22,18,25,14),-1,[(,200,2500,.,[('force', 0)])])
(2315,(2021,01,22,18,25,14),-1,[(,200,2500,.,[('force', 0)])])
(2315,(2021,01,22,18,25,14),-1,[(,200,2500,.,[('force', 0)])])
(2315,(2021,01,22,18,25,14),-1,[(,200,2500,.,[('force', 0)])])
(2315,(2021,01,22,18,25,37),-1,[(,200,2500,.,[('force', 0)])])
(2315,(2021,01,22,18,25,37),-1,[(,200,2500,.,[('force', 0)])])
(2315,(2021,01,22,18,25,37),-1,[(,200,2500,.,[('force', 0)])])
(2315,(2021,01,22,18,25,37),-1,[(,200,2500,.,[('force', 0)])])
(2315,(2021,01,22,18,25,37),-1,[(,200,2500,.,[('force', 0)])])
(2315,(2021,01,22,18,25,37),-1,[(,200,2500,.,[('force', 0)])])
