(2387,(2021,01,22,19,21,06),-1,[(,88888,,.,[('force', 0)])])
(2387,(2021,01,22,19,21,06),-1,[(,88888,,.,[('force', 0)])])
(2387,(2021,01,22,19,21,06),-1,[(,88888,,.,[('force', 0)])])
(2387,(2021,01,22,19,21,06),-1,[(,88888,,.,[('force', 0)])])
(2387,(2021,01,22,19,21,35),-1,[(,88888,,.,[('force', 0)])])
(2387,(2021,01,22,19,21,35),-1,[(,88888,,.,[('force', 0)])])
(2387,(2021,01,22,19,21,35),-1,[(,88888,,.,[('force', 0)])])
(2387,(2021,01,22,19,21,35),-1,[(,88888,,.,[('force', 0)])])
(2387,(2021,01,22,19,24,09),-1,[(,88888,,.,[('force', 0)])])
(2387,(2021,01,22,19,24,09),-1,[(,88888,,.,[('force', 0)])])
(2387,(2021,01,22,19,24,09),-1,[(,88888,,.,[('force', 0)])])
(2387,(2021,01,22,19,24,09),-1,[(,88888,,.,[('force', 0)])])
