(2403,(2021,01,22,18,25,14),-1,[(,99000,,.,[('force', 0)])])
(2403,(2021,01,22,18,25,14),-1,[(,99000,,.,[('force', 0)])])
(2403,(2021,01,22,18,25,14),-1,[(,99000,,.,[('force', 0)])])
(2403,(2021,01,22,18,25,14),-1,[(,99000,,.,[('force', 0)])])
(2403,(2021,01,22,18,25,14),-1,[(,99000,,.,[('force', 0)])])
(2403,(2021,01,22,18,25,14),-1,[(,99000,,.,[('force', 0)])])
(2403,(2021,01,22,18,25,14),-1,[(,99000,,.,[('force', 0)])])
(2403,(2021,01,22,18,25,37),-1,[(,99000,,.,[('force', 0)])])
(2403,(2021,01,22,18,25,37),-1,[(,99000,,.,[('force', 0)])])
(2403,(2021,01,22,18,25,37),-1,[(,99000,,.,[('force', 0)])])
(2403,(2021,01,22,18,25,37),-1,[(,99000,,.,[('force', 0)])])
(2403,(2021,01,22,18,25,37),-1,[(,99000,,.,[('force', 0)])])
(2403,(2021,01,22,18,25,37),-1,[(,99000,,.,[('force', 0)])])
(2403,(2021,01,22,18,25,37),-1,[(,99000,,.,[('force', 0)])])
