(2475,(2021,01,22,18,25,14),-1,[(,6999,,,[('force', 0)]),(,4999,,,[('force', 0)]),(,2000,,,[('force', 0)]),(,2000,,,[('force', 0)]),(,30000,,,[('force', 0)]),(,2000,,,[('force', 0)]),(,2000,,,[('force', 0)]),(,6999,,,[('force', 0)]),(,3000,,,[('force', 0)]),(,9999,,,[('force', 0)]),(,99999,,,[('force', 0)]),(,1800,,,[('force', 0)]),(,2000,,,[('force', 0)]),(,2000,,,[('force', 0)]),(,7997,,,[('force', 0)]),(,2000,,,[('force', 0)]),(,2000,,.,[('force', 0)])])
(2475,(2021,01,22,18,25,14),-1,[(,6999,,,[('force', 0)]),(,4999,,,[('force', 0)]),(,30000,,,[('force', 0)]),(,2000,,,[('force', 0)]),(,2000,,,[('force', 0)]),(,6999,,,[('force', 0)]),(,3000,,,[('force', 0)]),(,9999,,,[('force', 0)]),(,99999,,,[('force', 0)]),(,2000,,,[('force', 0)]),(,2000,,,[('force', 0)]),(,7997,,,[('force', 0)]),(,2000,,,[('force', 0)]),(,2000,,.,[('force', 0)])])
(2475,(2021,01,22,18,25,14),-1,[(,6999,,,[('force', 0)]),(,4999,,,[('force', 0)]),(,30000,,,[('force', 0)]),(,2000,,,[('force', 0)]),(,6999,,,[('force', 0)]),(,3000,,,[('force', 0)]),(,9999,,,[('force', 0)]),(,99999,,,[('force', 0)]),(,2000,,,[('force', 0)]),(,2000,,,[('force', 0)]),(,7997,,,[('force', 0)]),(,2000,,,[('force', 0)]),(,2000,,.,[('force', 0)])])
(2475,(2021,01,22,18,25,14),-1,[(,6999,,,[('force', 0)]),(,4999,,,[('force', 0)]),(,30000,,,[('force', 0)]),(,2000,,,[('force', 0)]),(,6999,,,[('force', 0)]),(,5999,,,[('force', 0)]),(,9999,,,[('force', 0)]),(,99999,,,[('force', 0)]),(,2000,,,[('force', 0)]),(,7997,,,[('force', 0)]),(,2000,,,[('force', 0)]),(,2000,,.,[('force', 0)])])
(2475,(2021,01,22,18,25,14),-1,[(,6999,,,[('force', 0)]),(,4999,,,[('force', 0)]),(,30000,,,[('force', 0)]),(,2000,,,[('force', 0)]),(,6999,,,[('force', 0)]),(,5999,,,[('force', 0)]),(,9999,,,[('force', 0)]),(,99999,,,[('force', 0)]),(,2000,,,[('force', 0)]),(,7997,,,[('force', 0)]),(,2000,,,[('force', 0)]),(,2000,,.,[('force', 0)])])
(2475,(2021,01,22,18,25,14),-1,[(,6999,,,[('force', 0)]),(,4999,,,[('force', 0)]),(,30000,,,[('force', 0)]),(,2000,,,[('force', 0)]),(,6999,,,[('force', 0)]),(,5999,,,[('force', 0)]),(,9999,,,[('force', 0)]),(,99999,,,[('force', 0)]),(,2000,,,[('force', 0)]),(,7997,,,[('force', 0)]),(,2000,,,[('force', 0)]),(,2000,,.,[('force', 0)])])
(2475,(2021,01,22,18,25,14),-1,[(,6999,,,[('force', 0)]),(,4999,,,[('force', 0)]),(,30000,,,[('force', 0)]),(,6999,,,[('force', 0)]),(,7997,,,[('force', 0)]),(,9999,,,[('force', 0)]),(,99999,,,[('force', 0)]),(,7997,,,[('force', 0)]),(,2000,,,[('force', 0)]),(,2000,,.,[('force', 0)])])
(2475,(2021,01,22,18,25,14),-1,[(,6999,,,[('force', 0)]),(,4999,,,[('force', 0)]),(,30000,,,[('force', 0)]),(,6999,,,[('force', 0)]),(,7997,,,[('force', 0)]),(,9999,,,[('force', 0)]),(,99999,,,[('force', 0)]),(,7997,,,[('force', 0)]),(,2000,,,[('force', 0)]),(,2000,,.,[('force', 0)])])
(2475,(2021,01,22,18,25,37),-1,[(,6999,,,[('force', 0)]),(,4999,,,[('force', 0)]),(,2000,,,[('force', 0)]),(,2000,,,[('force', 0)]),(,30000,,,[('force', 0)]),(,2000,,,[('force', 0)]),(,2000,,,[('force', 0)]),(,6999,,,[('force', 0)]),(,3000,,,[('force', 0)]),(,9999,,,[('force', 0)]),(,99999,,,[('force', 0)]),(,1800,,,[('force', 0)]),(,2000,,,[('force', 0)]),(,2000,,,[('force', 0)]),(,7997,,,[('force', 0)]),(,2000,,,[('force', 0)]),(,2000,,.,[('force', 0)])])
(2475,(2021,01,22,18,25,37),-1,[(,6999,,,[('force', 0)]),(,4999,,,[('force', 0)]),(,30000,,,[('force', 0)]),(,2000,,,[('force', 0)]),(,2000,,,[('force', 0)]),(,6999,,,[('force', 0)]),(,3000,,,[('force', 0)]),(,9999,,,[('force', 0)]),(,99999,,,[('force', 0)]),(,2000,,,[('force', 0)]),(,2000,,,[('force', 0)]),(,7997,,,[('force', 0)]),(,2000,,,[('force', 0)]),(,2000,,.,[('force', 0)])])
(2475,(2021,01,22,18,25,37),-1,[(,6999,,,[('force', 0)]),(,4999,,,[('force', 0)]),(,30000,,,[('force', 0)]),(,2000,,,[('force', 0)]),(,6999,,,[('force', 0)]),(,3000,,,[('force', 0)]),(,9999,,,[('force', 0)]),(,99999,,,[('force', 0)]),(,2000,,,[('force', 0)]),(,2000,,,[('force', 0)]),(,7997,,,[('force', 0)]),(,2000,,,[('force', 0)]),(,2000,,.,[('force', 0)])])
(2475,(2021,01,22,18,25,37),-1,[(,6999,,,[('force', 0)]),(,4999,,,[('force', 0)]),(,30000,,,[('force', 0)]),(,2000,,,[('force', 0)]),(,6999,,,[('force', 0)]),(,5999,,,[('force', 0)]),(,9999,,,[('force', 0)]),(,99999,,,[('force', 0)]),(,2000,,,[('force', 0)]),(,7997,,,[('force', 0)]),(,2000,,,[('force', 0)]),(,2000,,.,[('force', 0)])])
(2475,(2021,01,22,18,25,37),-1,[(,6999,,,[('force', 0)]),(,4999,,,[('force', 0)]),(,30000,,,[('force', 0)]),(,2000,,,[('force', 0)]),(,6999,,,[('force', 0)]),(,5999,,,[('force', 0)]),(,9999,,,[('force', 0)]),(,99999,,,[('force', 0)]),(,2000,,,[('force', 0)]),(,7997,,,[('force', 0)]),(,2000,,,[('force', 0)]),(,2000,,.,[('force', 0)])])
(2475,(2021,01,22,18,25,37),-1,[(,6999,,,[('force', 0)]),(,4999,,,[('force', 0)]),(,30000,,,[('force', 0)]),(,2000,,,[('force', 0)]),(,6999,,,[('force', 0)]),(,5999,,,[('force', 0)]),(,9999,,,[('force', 0)]),(,99999,,,[('force', 0)]),(,2000,,,[('force', 0)]),(,7997,,,[('force', 0)]),(,2000,,,[('force', 0)]),(,2000,,.,[('force', 0)])])
(2475,(2021,01,22,18,25,37),-1,[(,6999,,,[('force', 0)]),(,4999,,,[('force', 0)]),(,30000,,,[('force', 0)]),(,6999,,,[('force', 0)]),(,7997,,,[('force', 0)]),(,9999,,,[('force', 0)]),(,99999,,,[('force', 0)]),(,7997,,,[('force', 0)]),(,2000,,,[('force', 0)]),(,2000,,.,[('force', 0)])])
(2475,(2021,01,22,18,25,37),-1,[(,6999,,,[('force', 0)]),(,4999,,,[('force', 0)]),(,30000,,,[('force', 0)]),(,6999,,,[('force', 0)]),(,7997,,,[('force', 0)]),(,9999,,,[('force', 0)]),(,99999,,,[('force', 0)]),(,7997,,,[('force', 0)]),(,2000,,,[('force', 0)]),(,2000,,.,[('force', 0)])])
