(2510,(2021,01,22,19,21,06),-1,[(,4998,,.,[('force', 0)])])
(2510,(2021,01,22,19,21,06),-1,[(,4998,,.,[('force', 0)])])
(2510,(2021,01,22,19,21,06),-1,[(,4998,,.,[('force', 0)])])
(2510,(2021,01,22,19,21,06),-1,[(,4998,,.,[('force', 0)])])
(2510,(2021,01,22,19,21,06),-1,[(,4998,,.,[('force', 0)])])
(2510,(2021,01,22,19,21,06),-1,[(,4998,,.,[('force', 0)])])
(2510,(2021,01,22,19,21,06),-1,[(,4998,,.,[('force', 0)])])
(2510,(2021,01,22,19,21,06),-1,[(,4998,,.,[('force', 0)])])
(2510,(2021,01,22,19,21,06),-1,[(,4998,,.,[('force', 0)])])
(2510,(2021,01,22,19,21,06),-1,[(,4998,,.,[('force', 0)])])
(2510,(2021,01,22,19,21,06),-1,[(,4998,,.,[('force', 0)])])
(2510,(2021,01,22,19,21,06),-1,[(,4998,,.,[('force', 0)])])
(2510,(2021,01,22,19,21,35),-1,[(,4998,,.,[('force', 0)])])
(2510,(2021,01,22,19,21,35),-1,[(,4998,,.,[('force', 0)])])
(2510,(2021,01,22,19,21,35),-1,[(,4998,,.,[('force', 0)])])
(2510,(2021,01,22,19,21,35),-1,[(,4998,,.,[('force', 0)])])
(2510,(2021,01,22,19,21,35),-1,[(,4998,,.,[('force', 0)])])
(2510,(2021,01,22,19,21,35),-1,[(,4998,,.,[('force', 0)])])
(2510,(2021,01,22,19,21,35),-1,[(,4998,,.,[('force', 0)])])
(2510,(2021,01,22,19,21,35),-1,[(,4998,,.,[('force', 0)])])
(2510,(2021,01,22,19,21,35),-1,[(,4998,,.,[('force', 0)])])
(2510,(2021,01,22,19,21,35),-1,[(,4998,,.,[('force', 0)])])
(2510,(2021,01,22,19,21,35),-1,[(,4998,,.,[('force', 0)])])
(2510,(2021,01,22,19,21,35),-1,[(,4998,,.,[('force', 0)])])
