(2515,(2021,01,22,19,21,06),-1,[(,5000,,.,[('force', 0)])])
(2515,(2021,01,22,19,21,06),-1,[(,5000,,.,[('force', 0)])])
(2515,(2021,01,22,19,21,06),-1,[(,5000,,.,[('force', 0)])])
(2515,(2021,01,22,19,21,06),-1,[(,5000,,.,[('force', 0)])])
(2515,(2021,01,22,19,21,06),-1,[(,5000,,.,[('force', 0)])])
(2515,(2021,01,22,19,21,06),-1,[(,5000,,.,[('force', 0)])])
(2515,(2021,01,22,19,21,06),-1,[(,5000,,.,[('force', 0)])])
(2515,(2021,01,22,19,21,06),-1,[(,5000,,.,[('force', 0)])])
(2515,(2021,01,22,19,21,06),-1,[(,5000,,.,[('force', 0)])])
(2515,(2021,01,22,19,21,06),-1,[(,5000,,.,[('force', 0)])])
(2515,(2021,01,22,19,21,06),-1,[(,5000,,.,[('force', 0)])])
(2515,(2021,01,22,19,21,06),-1,[(,5000,,.,[('force', 0)])])
(2515,(2021,01,22,19,21,35),-1,[(,5000,,.,[('force', 0)])])
(2515,(2021,01,22,19,21,35),-1,[(,5000,,.,[('force', 0)])])
(2515,(2021,01,22,19,21,35),-1,[(,5000,,.,[('force', 0)])])
(2515,(2021,01,22,19,21,35),-1,[(,5000,,.,[('force', 0)])])
(2515,(2021,01,22,19,21,35),-1,[(,5000,,.,[('force', 0)])])
(2515,(2021,01,22,19,21,35),-1,[(,5000,,.,[('force', 0)])])
(2515,(2021,01,22,19,21,35),-1,[(,5000,,.,[('force', 0)])])
(2515,(2021,01,22,19,21,35),-1,[(,5000,,.,[('force', 0)])])
(2515,(2021,01,22,19,21,35),-1,[(,5000,,.,[('force', 0)])])
(2515,(2021,01,22,19,21,35),-1,[(,5000,,.,[('force', 0)])])
(2515,(2021,01,22,19,21,35),-1,[(,5000,,.,[('force', 0)])])
(2515,(2021,01,22,19,21,35),-1,[(,5000,,.,[('force', 0)])])
