(252,(2021,01,22,18,25,14),-1,[(,999,9999,.,[('force', 0)])])
(252,(2021,01,22,18,25,14),-1,[(,999,9999,.,[('force', 0)])])
(252,(2021,01,22,18,25,14),-1,[(,999,9999,.,[('force', 0)])])
(252,(2021,01,22,18,25,14),-1,[(,999,9999,.,[('force', 0)])])
(252,(2021,01,22,18,25,14),-1,[(,999,9999,.,[('force', 0)])])
(252,(2021,01,22,18,25,14),-1,[(,999,9999,.,[('force', 0)])])
(252,(2021,01,22,18,25,14),-1,[(,999,9999,.,[('force', 0)])])
(252,(2021,01,22,18,25,37),-1,[(,999,9999,.,[('force', 0)])])
(252,(2021,01,22,18,25,37),-1,[(,999,9999,.,[('force', 0)])])
(252,(2021,01,22,18,25,37),-1,[(,999,9999,.,[('force', 0)])])
(252,(2021,01,22,18,25,37),-1,[(,999,9999,.,[('force', 0)])])
(252,(2021,01,22,18,25,37),-1,[(,999,9999,.,[('force', 0)])])
(252,(2021,01,22,18,25,37),-1,[(,999,9999,.,[('force', 0)])])
(252,(2021,01,22,18,25,37),-1,[(,999,9999,.,[('force', 0)])])
