(255,(2021,01,22,18,25,14),-1,[(,2500,,.,[('force', 0)])])
(255,(2021,01,22,18,25,14),-1,[(,2500,,.,[('force', 0)])])
(255,(2021,01,22,18,25,14),-1,[(,2500,,.,[('force', 0)])])
(255,(2021,01,22,18,25,14),-1,[(,2500,,.,[('force', 0)])])
(255,(2021,01,22,18,25,14),-1,[(,2500,,.,[('force', 0)])])
(255,(2021,01,22,18,25,14),-1,[(,2500,,.,[('force', 0)])])
(255,(2021,01,22,18,25,37),-1,[(,2500,,.,[('force', 0)])])
(255,(2021,01,22,18,25,37),-1,[(,2500,,.,[('force', 0)])])
(255,(2021,01,22,18,25,37),-1,[(,2500,,.,[('force', 0)])])
(255,(2021,01,22,18,25,37),-1,[(,2500,,.,[('force', 0)])])
(255,(2021,01,22,18,25,37),-1,[(,2500,,.,[('force', 0)])])
(255,(2021,01,22,18,25,37),-1,[(,2500,,.,[('force', 0)])])
