(2555,(2021,01,22,18,25,14),-1,[(,10000,,.,[('force', 0)])])
(2555,(2021,01,22,18,25,14),-1,[(,10000,,.,[('force', 0)])])
(2555,(2021,01,22,18,25,14),-1,[(,10000,,.,[('force', 0)])])
(2555,(2021,01,22,18,25,14),-1,[(,10000,,.,[('force', 0)])])
(2555,(2021,01,22,18,25,14),-1,[(,10000,,.,[('force', 0)])])
(2555,(2021,01,22,18,25,14),-1,[(,10000,,.,[('force', 0)])])
(2555,(2021,01,22,18,25,14),-1,[(,9999,,.,[('force', 0)])])
(2555,(2021,01,22,18,25,37),-1,[(,10000,,.,[('force', 0)])])
(2555,(2021,01,22,18,25,37),-1,[(,10000,,.,[('force', 0)])])
(2555,(2021,01,22,18,25,37),-1,[(,10000,,.,[('force', 0)])])
(2555,(2021,01,22,18,25,37),-1,[(,10000,,.,[('force', 0)])])
(2555,(2021,01,22,18,25,37),-1,[(,10000,,.,[('force', 0)])])
(2555,(2021,01,22,18,25,37),-1,[(,10000,,.,[('force', 0)])])
(2555,(2021,01,22,18,25,37),-1,[(,9999,,.,[('force', 0)])])
