(2558,(2021,01,22,18,25,14),-1,[(,100,,.,[('force', 0)])])
(2558,(2021,01,22,18,25,14),-1,[(,100,,.,[('force', 0)])])
(2558,(2021,01,22,18,25,14),-1,[(,100,,.,[('force', 0)])])
(2558,(2021,01,22,18,25,14),-1,[(,100,,.,[('force', 0)])])
(2558,(2021,01,22,18,25,14),-1,[(,100,,.,[('force', 0)])])
(2558,(2021,01,22,18,25,14),-1,[(,100,,.,[('force', 0)])])
(2558,(2021,01,22,18,25,14),-1,[(,100,,.,[('force', 0)])])
(2558,(2021,01,22,18,25,14),-1,[(,100,,.,[('force', 0)])])
(2558,(2021,01,22,18,25,14),-1,[(,100,,.,[('force', 0)])])
(2558,(2021,01,22,18,25,14),-1,[(,100,,.,[('force', 0)])])
(2558,(2021,01,22,18,25,14),-1,[(,100,,.,[('force', 0)])])
(2558,(2021,01,22,18,25,14),-1,[(,100,,.,[('force', 0)])])
(2558,(2021,01,22,18,25,37),-1,[(,100,,.,[('force', 0)])])
(2558,(2021,01,22,18,25,37),-1,[(,100,,.,[('force', 0)])])
(2558,(2021,01,22,18,25,37),-1,[(,100,,.,[('force', 0)])])
(2558,(2021,01,22,18,25,37),-1,[(,100,,.,[('force', 0)])])
(2558,(2021,01,22,18,25,37),-1,[(,100,,.,[('force', 0)])])
(2558,(2021,01,22,18,25,37),-1,[(,100,,.,[('force', 0)])])
(2558,(2021,01,22,18,25,37),-1,[(,100,,.,[('force', 0)])])
(2558,(2021,01,22,18,25,37),-1,[(,100,,.,[('force', 0)])])
(2558,(2021,01,22,18,25,37),-1,[(,100,,.,[('force', 0)])])
(2558,(2021,01,22,18,25,37),-1,[(,100,,.,[('force', 0)])])
(2558,(2021,01,22,18,25,37),-1,[(,100,,.,[('force', 0)])])
(2558,(2021,01,22,18,25,37),-1,[(,100,,.,[('force', 0)])])
