(256,(2021,01,22,18,25,14),-1,[(,555,,.,[('force', 0)])])
(256,(2021,01,22,18,25,14),-1,[(,555,,.,[('force', 0)])])
(256,(2021,01,22,18,25,14),-1,[(,555,,.,[('force', 0)])])
(256,(2021,01,22,18,25,14),-1,[(,555,,.,[('force', 0)])])
(256,(2021,01,22,18,25,14),-1,[(,555,,.,[('force', 0)])])
(256,(2021,01,22,18,25,14),-1,[(,555,,.,[('force', 0)])])
(256,(2021,01,22,18,25,14),-1,[(,555,,.,[('force', 0)])])
(256,(2021,01,22,18,25,37),-1,[(,555,,.,[('force', 0)])])
(256,(2021,01,22,18,25,37),-1,[(,555,,.,[('force', 0)])])
(256,(2021,01,22,18,25,37),-1,[(,555,,.,[('force', 0)])])
(256,(2021,01,22,18,25,37),-1,[(,555,,.,[('force', 0)])])
(256,(2021,01,22,18,25,37),-1,[(,555,,.,[('force', 0)])])
(256,(2021,01,22,18,25,37),-1,[(,555,,.,[('force', 0)])])
(256,(2021,01,22,18,25,37),-1,[(,555,,.,[('force', 0)])])
