(2560,(2021,01,22,19,21,06),-1,[(,2998,,.,[('force', 0)])])
(2560,(2021,01,22,19,21,06),-1,[(,2998,,.,[('force', 0)])])
(2560,(2021,01,22,19,21,06),-1,[(,2998,,.,[('force', 0)])])
(2560,(2021,01,22,19,21,06),-1,[(,2998,,.,[('force', 0)])])
(2560,(2021,01,22,19,21,06),-1,[(,2998,,.,[('force', 0)])])
(2560,(2021,01,22,19,21,06),-1,[(,2998,,.,[('force', 0)])])
(2560,(2021,01,22,19,21,06),-1,[(,2998,,.,[('force', 0)])])
(2560,(2021,01,22,19,21,06),-1,[(,2998,,.,[('force', 0)])])
(2560,(2021,01,22,19,21,06),-1,[(,2998,,.,[('force', 0)])])
(2560,(2021,01,22,19,21,06),-1,[(,2998,,.,[('force', 0)])])
(2560,(2021,01,22,19,21,06),-1,[(,2998,,.,[('force', 0)])])
(2560,(2021,01,22,19,21,06),-1,[(,2998,,.,[('force', 0)])])
(2560,(2021,01,22,19,21,35),-1,[(,2998,,.,[('force', 0)])])
(2560,(2021,01,22,19,21,35),-1,[(,2998,,.,[('force', 0)])])
(2560,(2021,01,22,19,21,35),-1,[(,2998,,.,[('force', 0)])])
(2560,(2021,01,22,19,21,35),-1,[(,2998,,.,[('force', 0)])])
(2560,(2021,01,22,19,21,35),-1,[(,2998,,.,[('force', 0)])])
(2560,(2021,01,22,19,21,35),-1,[(,2998,,.,[('force', 0)])])
(2560,(2021,01,22,19,21,35),-1,[(,2998,,.,[('force', 0)])])
(2560,(2021,01,22,19,21,35),-1,[(,2998,,.,[('force', 0)])])
(2560,(2021,01,22,19,21,35),-1,[(,2998,,.,[('force', 0)])])
(2560,(2021,01,22,19,21,35),-1,[(,2998,,.,[('force', 0)])])
(2560,(2021,01,22,19,21,35),-1,[(,2998,,.,[('force', 0)])])
(2560,(2021,01,22,19,21,35),-1,[(,2998,,.,[('force', 0)])])
