(2561,(2021,01,22,19,21,06),-1,[(,29994,350000,.,[('force', 0)])])
(2561,(2021,01,22,19,21,06),-1,[(,29994,350000,.,[('force', 0)])])
(2561,(2021,01,22,19,21,06),-1,[(,29994,350000,.,[('force', 0)])])
(2561,(2021,01,22,19,21,06),-1,[(,29994,350000,.,[('force', 0)])])
(2561,(2021,01,22,19,21,06),-1,[(,29994,350000,.,[('force', 0)])])
(2561,(2021,01,22,19,21,06),-1,[(,29994,350000,.,[('force', 0)])])
(2561,(2021,01,22,19,21,06),-1,[(,29994,350000,.,[('force', 0)])])
(2561,(2021,01,22,19,21,06),-1,[(,29994,350000,.,[('force', 0)])])
(2561,(2021,01,22,19,21,06),-1,[(,29994,350000,.,[('force', 0)])])
(2561,(2021,01,22,19,21,06),-1,[(,29994,350000,.,[('force', 0)])])
(2561,(2021,01,22,19,21,06),-1,[(,29994,350000,.,[('force', 0)])])
(2561,(2021,01,22,19,21,06),-1,[(,29994,350000,.,[('force', 0)])])
(2561,(2021,01,22,19,21,35),-1,[(,29994,350000,.,[('force', 0)])])
(2561,(2021,01,22,19,21,35),-1,[(,29994,350000,.,[('force', 0)])])
(2561,(2021,01,22,19,21,35),-1,[(,29994,350000,.,[('force', 0)])])
(2561,(2021,01,22,19,21,35),-1,[(,29994,350000,.,[('force', 0)])])
(2561,(2021,01,22,19,21,35),-1,[(,29994,350000,.,[('force', 0)])])
(2561,(2021,01,22,19,21,35),-1,[(,29994,350000,.,[('force', 0)])])
(2561,(2021,01,22,19,21,35),-1,[(,29994,350000,.,[('force', 0)])])
(2561,(2021,01,22,19,21,35),-1,[(,29994,350000,.,[('force', 0)])])
(2561,(2021,01,22,19,21,35),-1,[(,29994,350000,.,[('force', 0)])])
(2561,(2021,01,22,19,21,35),-1,[(,29994,350000,.,[('force', 0)])])
(2561,(2021,01,22,19,21,35),-1,[(,29994,350000,.,[('force', 0)])])
(2561,(2021,01,22,19,21,35),-1,[(,29994,350000,.,[('force', 0)])])
