(2585,(2021,01,22,18,25,14),-1,[(,3999,,.,[('force', 0)])])
(2585,(2021,01,22,18,25,14),-1,[(,3999,,.,[('force', 0)])])
(2585,(2021,01,22,18,25,14),-1,[(,3999,,.,[('force', 0)])])
(2585,(2021,01,22,18,25,14),-1,[(,3999,,.,[('force', 0)])])
(2585,(2021,01,22,18,25,14),-1,[(,3999,,.,[('force', 0)])])
(2585,(2021,01,22,18,25,14),-1,[(,3999,,.,[('force', 0)])])
(2585,(2021,01,22,18,25,14),-1,[(,3999,,.,[('force', 0)])])
(2585,(2021,01,22,18,25,14),-1,[(,3999,,.,[('force', 0)])])
(2585,(2021,01,22,18,25,14),-1,[(,3999,,.,[('force', 0)])])
(2585,(2021,01,22,18,25,14),-1,[(,3999,,.,[('force', 0)])])
(2585,(2021,01,22,18,25,14),-1,[(,3999,,.,[('force', 0)])])
(2585,(2021,01,22,18,25,14),-1,[(,3999,,.,[('force', 0)])])
(2585,(2021,01,22,18,25,37),-1,[(,3999,,.,[('force', 0)])])
(2585,(2021,01,22,18,25,37),-1,[(,3999,,.,[('force', 0)])])
(2585,(2021,01,22,18,25,37),-1,[(,3999,,.,[('force', 0)])])
(2585,(2021,01,22,18,25,37),-1,[(,3999,,.,[('force', 0)])])
(2585,(2021,01,22,18,25,37),-1,[(,3999,,.,[('force', 0)])])
(2585,(2021,01,22,18,25,37),-1,[(,3999,,.,[('force', 0)])])
(2585,(2021,01,22,18,25,37),-1,[(,3999,,.,[('force', 0)])])
(2585,(2021,01,22,18,25,37),-1,[(,3999,,.,[('force', 0)])])
(2585,(2021,01,22,18,25,37),-1,[(,3999,,.,[('force', 0)])])
(2585,(2021,01,22,18,25,37),-1,[(,3999,,.,[('force', 0)])])
(2585,(2021,01,22,18,25,37),-1,[(,3999,,.,[('force', 0)])])
(2585,(2021,01,22,18,25,37),-1,[(,3999,,.,[('force', 0)])])
