(2625,(2021,01,22,18,25,14),-1,[(,448999,,.,[('force', 0)])])
(2625,(2021,01,22,18,25,14),-1,[(,448999,,.,[('force', 0)])])
(2625,(2021,01,22,18,25,14),-1,[(,448999,,.,[('force', 0)])])
(2625,(2021,01,22,18,25,14),-1,[(,448999,,.,[('force', 0)])])
(2625,(2021,01,22,18,25,14),-1,[(,448999,,.,[('force', 0)])])
(2625,(2021,01,22,18,25,14),-1,[(,448999,,.,[('force', 0)])])
(2625,(2021,01,22,18,25,14),-1,[(,448999,,.,[('force', 0)])])
(2625,(2021,01,22,18,25,14),-1,[(,448999,,.,[('force', 0)])])
(2625,(2021,01,22,18,25,14),-1,[(,448999,,.,[('force', 0)])])
(2625,(2021,01,22,18,25,14),-1,[(,448999,,.,[('force', 0)])])
(2625,(2021,01,22,18,25,14),-1,[(,448999,,.,[('force', 0)])])
(2625,(2021,01,22,18,25,14),-1,[(,448999,,.,[('force', 0)])])
(2625,(2021,01,22,18,25,37),-1,[(,448999,,.,[('force', 0)])])
(2625,(2021,01,22,18,25,37),-1,[(,448999,,.,[('force', 0)])])
(2625,(2021,01,22,18,25,37),-1,[(,448999,,.,[('force', 0)])])
(2625,(2021,01,22,18,25,37),-1,[(,448999,,.,[('force', 0)])])
(2625,(2021,01,22,18,25,37),-1,[(,448999,,.,[('force', 0)])])
(2625,(2021,01,22,18,25,37),-1,[(,448999,,.,[('force', 0)])])
(2625,(2021,01,22,18,25,37),-1,[(,448999,,.,[('force', 0)])])
(2625,(2021,01,22,18,25,37),-1,[(,448999,,.,[('force', 0)])])
(2625,(2021,01,22,18,25,37),-1,[(,448999,,.,[('force', 0)])])
(2625,(2021,01,22,18,25,37),-1,[(,448999,,.,[('force', 0)])])
(2625,(2021,01,22,18,25,37),-1,[(,448999,,.,[('force', 0)])])
(2625,(2021,01,22,18,25,37),-1,[(,448999,,.,[('force', 0)])])
