(2626,(2021,01,22,18,25,14),-1,[(,550000,,.,[('force', 0)])])
(2626,(2021,01,22,18,25,14),-1,[(,550000,,.,[('force', 0)])])
(2626,(2021,01,22,18,25,14),-1,[(,550000,,.,[('force', 0)])])
(2626,(2021,01,22,18,25,14),-1,[(,550000,,.,[('force', 0)])])
(2626,(2021,01,22,18,25,14),-1,[(,550000,,.,[('force', 0)])])
(2626,(2021,01,22,18,25,14),-1,[(,550000,,.,[('force', 0)])])
(2626,(2021,01,22,18,25,14),-1,[(,550000,,.,[('force', 0)])])
(2626,(2021,01,22,18,25,14),-1,[(,550000,,.,[('force', 0)])])
(2626,(2021,01,22,18,25,14),-1,[(,550000,,.,[('force', 0)])])
(2626,(2021,01,22,18,25,14),-1,[(,550000,,.,[('force', 0)])])
(2626,(2021,01,22,18,25,14),-1,[(,550000,,.,[('force', 0)])])
(2626,(2021,01,22,18,25,14),-1,[(,550000,,.,[('force', 0)])])
(2626,(2021,01,22,18,25,37),-1,[(,550000,,.,[('force', 0)])])
(2626,(2021,01,22,18,25,37),-1,[(,550000,,.,[('force', 0)])])
(2626,(2021,01,22,18,25,37),-1,[(,550000,,.,[('force', 0)])])
(2626,(2021,01,22,18,25,37),-1,[(,550000,,.,[('force', 0)])])
(2626,(2021,01,22,18,25,37),-1,[(,550000,,.,[('force', 0)])])
(2626,(2021,01,22,18,25,37),-1,[(,550000,,.,[('force', 0)])])
(2626,(2021,01,22,18,25,37),-1,[(,550000,,.,[('force', 0)])])
(2626,(2021,01,22,18,25,37),-1,[(,550000,,.,[('force', 0)])])
(2626,(2021,01,22,18,25,37),-1,[(,550000,,.,[('force', 0)])])
(2626,(2021,01,22,18,25,37),-1,[(,550000,,.,[('force', 0)])])
(2626,(2021,01,22,18,25,37),-1,[(,550000,,.,[('force', 0)])])
(2626,(2021,01,22,18,25,37),-1,[(,550000,,.,[('force', 0)])])
