(2633,(2021,01,22,19,21,06),-1,[(,350,,.,[('force', 0)])])
(2633,(2021,01,22,19,21,06),-1,[(,350,,.,[('force', 0)])])
(2633,(2021,01,22,19,21,06),-1,[(,350,,.,[('force', 0)])])
(2633,(2021,01,22,19,21,06),-1,[(,350,,.,[('force', 0)])])
(2633,(2021,01,22,19,21,06),-1,[(,350,,.,[('force', 0)])])
(2633,(2021,01,22,19,21,06),-1,[(,350,,.,[('force', 0)])])
(2633,(2021,01,22,19,21,06),-1,[(,350,,.,[('force', 0)])])
(2633,(2021,01,22,19,21,06),-1,[(,350,,.,[('force', 0)])])
(2633,(2021,01,22,19,21,06),-1,[(,350,,.,[('force', 0)])])
(2633,(2021,01,22,19,21,06),-1,[(,350,,.,[('force', 0)])])
(2633,(2021,01,22,19,21,06),-1,[(,350,,.,[('force', 0)])])
(2633,(2021,01,22,19,21,06),-1,[(,350,,.,[('force', 0)])])
