(2651,(2021,01,22,18,25,14),-1,[(,49998,,.,[('force', 0)])])
(2651,(2021,01,22,18,25,14),-1,[(,49998,,.,[('force', 0)])])
(2651,(2021,01,22,18,25,14),-1,[(,49998,,.,[('force', 0)])])
(2651,(2021,01,22,18,25,14),-1,[(,49998,,.,[('force', 0)])])
(2651,(2021,01,22,18,25,14),-1,[(,49998,,.,[('force', 0)])])
(2651,(2021,01,22,18,25,14),-1,[(,49998,,.,[('force', 0)])])
(2651,(2021,01,22,18,25,14),-1,[(,49998,,.,[('force', 0)])])
(2651,(2021,01,22,18,25,14),-1,[(,49998,,.,[('force', 0)])])
(2651,(2021,01,22,18,25,14),-1,[(,49998,,.,[('force', 0)])])
(2651,(2021,01,22,18,25,14),-1,[(,49998,,.,[('force', 0)])])
(2651,(2021,01,22,18,25,14),-1,[(,49998,,.,[('force', 0)])])
(2651,(2021,01,22,18,25,14),-1,[(,49998,,.,[('force', 0)])])
(2651,(2021,01,22,18,25,37),-1,[(,49998,,.,[('force', 0)])])
(2651,(2021,01,22,18,25,37),-1,[(,49998,,.,[('force', 0)])])
(2651,(2021,01,22,18,25,37),-1,[(,49998,,.,[('force', 0)])])
(2651,(2021,01,22,18,25,37),-1,[(,49998,,.,[('force', 0)])])
(2651,(2021,01,22,18,25,37),-1,[(,49998,,.,[('force', 0)])])
(2651,(2021,01,22,18,25,37),-1,[(,49998,,.,[('force', 0)])])
(2651,(2021,01,22,18,25,37),-1,[(,49998,,.,[('force', 0)])])
(2651,(2021,01,22,18,25,37),-1,[(,49998,,.,[('force', 0)])])
(2651,(2021,01,22,18,25,37),-1,[(,49998,,.,[('force', 0)])])
(2651,(2021,01,22,18,25,37),-1,[(,49998,,.,[('force', 0)])])
(2651,(2021,01,22,18,25,37),-1,[(,49998,,.,[('force', 0)])])
(2651,(2021,01,22,18,25,37),-1,[(,49998,,.,[('force', 0)])])
