(2804,(2021,01,22,18,25,14),-1,[(,419999,,.,[('force', 0)])])
(2804,(2021,01,22,18,25,14),-1,[(,419999,,.,[('force', 0)])])
(2804,(2021,01,22,18,25,14),-1,[(,419999,,.,[('force', 0)])])
(2804,(2021,01,22,18,25,14),-1,[(,419999,,.,[('force', 0)])])
(2804,(2021,01,22,18,25,14),-1,[(,419999,,.,[('force', 0)])])
(2804,(2021,01,22,18,25,14),-1,[(,419999,,.,[('force', 0)])])
(2804,(2021,01,22,18,25,14),-1,[(,419999,,.,[('force', 0)])])
(2804,(2021,01,22,18,25,37),-1,[(,419999,,.,[('force', 0)])])
(2804,(2021,01,22,18,25,37),-1,[(,419999,,.,[('force', 0)])])
(2804,(2021,01,22,18,25,37),-1,[(,419999,,.,[('force', 0)])])
(2804,(2021,01,22,18,25,37),-1,[(,419999,,.,[('force', 0)])])
(2804,(2021,01,22,18,25,37),-1,[(,419999,,.,[('force', 0)])])
(2804,(2021,01,22,18,25,37),-1,[(,419999,,.,[('force', 0)])])
(2804,(2021,01,22,18,25,37),-1,[(,419999,,.,[('force', 0)])])
