(2811,(2021,01,22,18,25,14),-1,[(,120000,,.,[('force', 0)])])
(2811,(2021,01,22,18,25,14),-1,[(,120000,,.,[('force', 0)])])
(2811,(2021,01,22,18,25,14),-1,[(,120000,,.,[('force', 0)])])
(2811,(2021,01,22,18,25,14),-1,[(,120000,,.,[('force', 0)])])
(2811,(2021,01,22,18,25,14),-1,[(,120000,,.,[('force', 0)])])
(2811,(2021,01,22,18,25,14),-1,[(,120000,,.,[('force', 0)])])
(2811,(2021,01,22,18,25,14),-1,[(,120000,,.,[('force', 0)])])
(2811,(2021,01,22,18,25,37),-1,[(,120000,,.,[('force', 0)])])
(2811,(2021,01,22,18,25,37),-1,[(,120000,,.,[('force', 0)])])
(2811,(2021,01,22,18,25,37),-1,[(,120000,,.,[('force', 0)])])
(2811,(2021,01,22,18,25,37),-1,[(,120000,,.,[('force', 0)])])
(2811,(2021,01,22,18,25,37),-1,[(,120000,,.,[('force', 0)])])
(2811,(2021,01,22,18,25,37),-1,[(,120000,,.,[('force', 0)])])
(2811,(2021,01,22,18,25,37),-1,[(,120000,,.,[('force', 0)])])
