(408,(2021,01,22,19,21,06),-1,[(,200,4999,.,[('force', 0)])])
(408,(2021,01,22,19,21,06),-1,[(,200,4999,.,[('force', 0)])])
(408,(2021,01,22,19,21,06),-1,[(,200,4999,.,[('force', 0)])])
(408,(2021,01,22,19,21,06),-1,[(,200,4999,.,[('force', 0)])])
(408,(2021,01,22,19,21,06),-1,[(,200,4999,.,[('force', 0)])])
(408,(2021,01,22,19,21,06),-1,[(,200,4999,.,[('force', 0)])])
(408,(2021,01,22,19,21,06),-1,[(,200,4999,.,[('force', 0)])])
(408,(2021,01,22,19,21,35),-1,[(,200,4999,.,[('force', 0)])])
(408,(2021,01,22,19,21,35),-1,[(,200,4999,.,[('force', 0)])])
(408,(2021,01,22,19,21,35),-1,[(,200,4999,.,[('force', 0)])])
(408,(2021,01,22,19,21,35),-1,[(,200,4999,.,[('force', 0)])])
(408,(2021,01,22,19,21,35),-1,[(,200,4999,.,[('force', 0)])])
(408,(2021,01,22,19,21,35),-1,[(,200,4999,.,[('force', 0)])])
(408,(2021,01,22,19,21,35),-1,[(,200,4999,.,[('force', 0)])])
(408,(2021,01,22,19,24,09),-1,[(,200,4999,.,[('force', 0)])])
(408,(2021,01,22,19,24,09),-1,[(,200,4999,.,[('force', 0)])])
(408,(2021,01,22,19,24,09),-1,[(,200,4999,.,[('force', 0)])])
(408,(2021,01,22,19,24,09),-1,[(,200,4999,.,[('force', 0)])])
(408,(2021,01,22,19,24,09),-1,[(,200,4999,.,[('force', 0)])])
(408,(2021,01,22,19,24,09),-1,[(,200,4999,.,[('force', 0)])])
(408,(2021,01,22,19,24,09),-1,[(,200,4999,.,[('force', 0)])])
