(6462,(2021,01,22,19,21,06),-1,[(,105999,,,[('force', 0)]),(,135152,,,[('force', 0)]),(,65000,,.,[('force', 0)])])
(6462,(2021,01,22,19,21,06),-1,[(,105999,,,[('force', 0)]),(,135152,,,[('force', 0)]),(,65000,,.,[('force', 0)])])
(6462,(2021,01,22,19,21,06),-1,[(,105999,,,[('force', 0)]),(,135152,,,[('force', 0)]),(,65000,,.,[('force', 0)])])
(6462,(2021,01,22,19,21,06),-1,[(,65000,,.,[('force', 0)])])
(6462,(2021,01,22,19,21,06),-1,[(,65000,,.,[('force', 0)])])
(6462,(2021,01,22,19,21,06),-1,[(,65000,,.,[('force', 0)])])
(6462,(2021,01,22,19,21,06),-1,[(,65000,,.,[('force', 0)])])
(6462,(2021,01,22,19,21,06),-1,[(,65000,,.,[('force', 0)])])
(6462,(2021,01,22,19,21,35),-1,[(,105999,,,[('force', 0)]),(,135152,,,[('force', 0)]),(,65000,,.,[('force', 0)])])
(6462,(2021,01,22,19,21,35),-1,[(,105999,,,[('force', 0)]),(,135152,,,[('force', 0)]),(,65000,,.,[('force', 0)])])
(6462,(2021,01,22,19,21,35),-1,[(,105999,,,[('force', 0)]),(,135152,,,[('force', 0)]),(,65000,,.,[('force', 0)])])
(6462,(2021,01,22,19,21,35),-1,[(,65000,,.,[('force', 0)])])
(6462,(2021,01,22,19,21,35),-1,[(,65000,,.,[('force', 0)])])
(6462,(2021,01,22,19,21,35),-1,[(,65000,,.,[('force', 0)])])
(6462,(2021,01,22,19,21,35),-1,[(,65000,,.,[('force', 0)])])
(6462,(2021,01,22,19,21,35),-1,[(,65000,,.,[('force', 0)])])
