(6748,(2021,01,22,18,25,14),-1,[(,23000,,,[('force', 0)]),(,40000,,,[('force', 0)]),(,30000,,,[('force', 0)]),(,22000,,,[('force', 0)]),(,25000,,,[('force', 0)]),(,25000,,.,[('force', 0)])])
(6748,(2021,01,22,18,25,14),-1,[(,23000,,,[('force', 0)]),(,40000,,,[('force', 0)]),(,30000,,,[('force', 0)]),(,22000,,,[('force', 0)]),(,25000,,,[('force', 0)]),(,25000,,.,[('force', 0)])])
(6748,(2021,01,22,18,25,14),-1,[(,23000,,,[('force', 0)]),(,40000,,,[('force', 0)]),(,30000,,,[('force', 0)]),(,22000,,,[('force', 0)]),(,25000,,,[('force', 0)]),(,25000,,.,[('force', 0)])])
(6748,(2021,01,22,18,25,14),-1,[(,23000,,,[('force', 0)]),(,40000,,,[('force', 0)]),(,30000,,,[('force', 0)]),(,22000,,,[('force', 0)]),(,25000,,.,[('force', 0)])])
(6748,(2021,01,22,18,25,14),-1,[(,23000,,,[('force', 0)]),(,40000,,,[('force', 0)]),(,30000,,,[('force', 0)]),(,22000,,,[('force', 0)]),(,25000,,.,[('force', 0)])])
(6748,(2021,01,22,18,25,14),-1,[(,23000,,,[('force', 0)]),(,40000,,,[('force', 0)]),(,30000,,,[('force', 0)]),(,22000,,,[('force', 0)]),(,25000,,.,[('force', 0)])])
(6748,(2021,01,22,18,25,14),-1,[(,23000,,,[('force', 0)]),(,45000,,,[('force', 0)]),(,45000,,,[('force', 0)]),(,40000,,,[('force', 0)]),(,30000,,,[('force', 0)]),(,22000,,,[('force', 0)]),(,25000,,.,[('force', 0)])])
(6748,(2021,01,22,18,25,14),-1,[(,23000,,,[('force', 0)]),(,45000,,,[('force', 0)]),(,45000,,,[('force', 0)]),(,40000,,,[('force', 0)]),(,30000,,,[('force', 0)]),(,22000,,,[('force', 0)]),(,25000,,.,[('force', 0)])])
(6748,(2021,01,22,18,25,37),-1,[(,23000,,,[('force', 0)]),(,40000,,,[('force', 0)]),(,30000,,,[('force', 0)]),(,22000,,,[('force', 0)]),(,25000,,,[('force', 0)]),(,25000,,.,[('force', 0)])])
(6748,(2021,01,22,18,25,37),-1,[(,23000,,,[('force', 0)]),(,40000,,,[('force', 0)]),(,30000,,,[('force', 0)]),(,22000,,,[('force', 0)]),(,25000,,,[('force', 0)]),(,25000,,.,[('force', 0)])])
(6748,(2021,01,22,18,25,37),-1,[(,23000,,,[('force', 0)]),(,40000,,,[('force', 0)]),(,30000,,,[('force', 0)]),(,22000,,,[('force', 0)]),(,25000,,,[('force', 0)]),(,25000,,.,[('force', 0)])])
(6748,(2021,01,22,18,25,37),-1,[(,23000,,,[('force', 0)]),(,40000,,,[('force', 0)]),(,30000,,,[('force', 0)]),(,22000,,,[('force', 0)]),(,25000,,.,[('force', 0)])])
(6748,(2021,01,22,18,25,37),-1,[(,23000,,,[('force', 0)]),(,40000,,,[('force', 0)]),(,30000,,,[('force', 0)]),(,22000,,,[('force', 0)]),(,25000,,.,[('force', 0)])])
(6748,(2021,01,22,18,25,37),-1,[(,23000,,,[('force', 0)]),(,40000,,,[('force', 0)]),(,30000,,,[('force', 0)]),(,22000,,,[('force', 0)]),(,25000,,.,[('force', 0)])])
(6748,(2021,01,22,18,25,37),-1,[(,23000,,,[('force', 0)]),(,45000,,,[('force', 0)]),(,45000,,,[('force', 0)]),(,40000,,,[('force', 0)]),(,30000,,,[('force', 0)]),(,22000,,,[('force', 0)]),(,25000,,.,[('force', 0)])])
(6748,(2021,01,22,18,25,37),-1,[(,23000,,,[('force', 0)]),(,45000,,,[('force', 0)]),(,45000,,,[('force', 0)]),(,40000,,,[('force', 0)]),(,30000,,,[('force', 0)]),(,22000,,,[('force', 0)]),(,25000,,.,[('force', 0)])])
