(6928,(2021,01,22,18,25,14),-1,[(,55555,,,[('force', 0)]),(,65000,,.,[('force', 0)])])
(6928,(2021,01,22,18,25,14),-1,[(,55555,,,[('force', 0)]),(,65000,,.,[('force', 0)])])
(6928,(2021,01,22,18,25,14),-1,[(,78778,,,[('force', 0)]),(,69999,,,[('force', 0)]),(,55555,,,[('force', 0)]),(,65000,,.,[('force', 0)])])
(6928,(2021,01,22,18,25,14),-1,[(,78778,,,[('force', 0)]),(,69999,,,[('force', 0)]),(,55555,,,[('force', 0)]),(,65000,,.,[('force', 0)])])
(6928,(2021,01,22,18,25,14),-1,[(,78778,,,[('force', 0)]),(,69999,,,[('force', 0)]),(,55555,,,[('force', 0)]),(,65000,,,[('force', 0)]),(,9885,,.,[('force', 0)])])
(6928,(2021,01,22,18,25,14),-1,[(,78778,,,[('force', 0)]),(,69999,,,[('force', 0)]),(,55555,,,[('force', 0)]),(,65000,,,[('force', 0)]),(,9884,,.,[('force', 0)])])
(6928,(2021,01,22,18,25,14),-1,[(,78778,,,[('force', 0)]),(,69999,,,[('force', 0)]),(,55555,,,[('force', 0)]),(,65000,,.,[('force', 0)])])
(6928,(2021,01,22,18,25,14),-1,[(,78778,,,[('force', 0)]),(,69999,,,[('force', 0)]),(,55555,,,[('force', 0)]),(,65000,,.,[('force', 0)])])
(6928,(2021,01,22,18,25,37),-1,[(,55555,,,[('force', 0)]),(,65000,,.,[('force', 0)])])
(6928,(2021,01,22,18,25,37),-1,[(,55555,,,[('force', 0)]),(,65000,,.,[('force', 0)])])
(6928,(2021,01,22,18,25,37),-1,[(,78778,,,[('force', 0)]),(,69999,,,[('force', 0)]),(,55555,,,[('force', 0)]),(,65000,,.,[('force', 0)])])
(6928,(2021,01,22,18,25,37),-1,[(,78778,,,[('force', 0)]),(,69999,,,[('force', 0)]),(,55555,,,[('force', 0)]),(,65000,,.,[('force', 0)])])
(6928,(2021,01,22,18,25,37),-1,[(,78778,,,[('force', 0)]),(,69999,,,[('force', 0)]),(,55555,,,[('force', 0)]),(,65000,,,[('force', 0)]),(,9885,,.,[('force', 0)])])
(6928,(2021,01,22,18,25,37),-1,[(,78778,,,[('force', 0)]),(,69999,,,[('force', 0)]),(,55555,,,[('force', 0)]),(,65000,,,[('force', 0)]),(,9884,,.,[('force', 0)])])
(6928,(2021,01,22,18,25,37),-1,[(,78778,,,[('force', 0)]),(,69999,,,[('force', 0)]),(,55555,,,[('force', 0)]),(,65000,,.,[('force', 0)])])
(6928,(2021,01,22,18,25,37),-1,[(,78778,,,[('force', 0)]),(,69999,,,[('force', 0)]),(,55555,,,[('force', 0)]),(,65000,,.,[('force', 0)])])
