(6953,(2021,01,22,19,21,06),-1,[(,84999,,,[('force', 0)]),(,55000,,,[('force', 0)]),(,75000,,.,[('force', 0)])])
(6953,(2021,01,22,19,21,06),-1,[(,84999,,,[('force', 0)]),(,55000,,,[('force', 0)]),(,75000,,.,[('force', 0)])])
(6953,(2021,01,22,19,21,06),-1,[(,84999,,,[('force', 0)]),(,55000,,,[('force', 0)]),(,75000,,.,[('force', 0)])])
(6953,(2021,01,22,19,21,06),-1,[(,84999,,,[('force', 0)]),(,55000,,,[('force', 0)]),(,75000,,.,[('force', 0)])])
(6953,(2021,01,22,19,21,06),-1,[(,84999,,,[('force', 0)]),(,50000,,,[('force', 0)]),(,55000,,,[('force', 0)]),(,75000,,.,[('force', 0)])])
(6953,(2021,01,22,19,21,06),-1,[(,84999,,,[('force', 0)]),(,50000,,,[('force', 0)]),(,55000,,,[('force', 0)]),(,75000,,.,[('force', 0)])])
(6953,(2021,01,22,19,21,06),-1,[(,84999,,,[('force', 0)]),(,50000,,,[('force', 0)]),(,55000,,,[('force', 0)]),(,75000,,.,[('force', 0)])])
(6953,(2021,01,22,19,21,35),-1,[(,84999,,,[('force', 0)]),(,55000,,,[('force', 0)]),(,75000,,.,[('force', 0)])])
(6953,(2021,01,22,19,21,35),-1,[(,84999,,,[('force', 0)]),(,55000,,,[('force', 0)]),(,75000,,.,[('force', 0)])])
(6953,(2021,01,22,19,21,35),-1,[(,84999,,,[('force', 0)]),(,55000,,,[('force', 0)]),(,75000,,.,[('force', 0)])])
(6953,(2021,01,22,19,21,35),-1,[(,84999,,,[('force', 0)]),(,55000,,,[('force', 0)]),(,75000,,.,[('force', 0)])])
(6953,(2021,01,22,19,21,35),-1,[(,84999,,,[('force', 0)]),(,50000,,,[('force', 0)]),(,55000,,,[('force', 0)]),(,75000,,.,[('force', 0)])])
(6953,(2021,01,22,19,21,35),-1,[(,84999,,,[('force', 0)]),(,50000,,,[('force', 0)]),(,55000,,,[('force', 0)]),(,75000,,.,[('force', 0)])])
(6953,(2021,01,22,19,21,35),-1,[(,84999,,,[('force', 0)]),(,50000,,,[('force', 0)]),(,55000,,,[('force', 0)]),(,75000,,.,[('force', 0)])])
(6953,(2021,01,22,19,24,09),-1,[(,84999,,,[('force', 0)]),(,55000,,,[('force', 0)]),(,75000,,.,[('force', 0)])])
(6953,(2021,01,22,19,24,09),-1,[(,84999,,,[('force', 0)]),(,55000,,,[('force', 0)]),(,75000,,.,[('force', 0)])])
(6953,(2021,01,22,19,24,09),-1,[(,84999,,,[('force', 0)]),(,55000,,,[('force', 0)]),(,75000,,.,[('force', 0)])])
(6953,(2021,01,22,19,24,09),-1,[(,84999,,,[('force', 0)]),(,55000,,,[('force', 0)]),(,75000,,.,[('force', 0)])])
(6953,(2021,01,22,19,24,09),-1,[(,84999,,,[('force', 0)]),(,50000,,,[('force', 0)]),(,55000,,,[('force', 0)]),(,75000,,.,[('force', 0)])])
(6953,(2021,01,22,19,24,09),-1,[(,84999,,,[('force', 0)]),(,50000,,,[('force', 0)]),(,55000,,,[('force', 0)]),(,75000,,.,[('force', 0)])])
(6953,(2021,01,22,19,24,09),-1,[(,84999,,,[('force', 0)]),(,50000,,,[('force', 0)]),(,55000,,,[('force', 0)]),(,75000,,.,[('force', 0)])])
