(6995,(2021,01,22,19,21,06),-1,[(,915000,,,[('force', 0)]),(,500000,,,[('force', 0)]),(,514444,,,[('force', 0)]),(,460000,,,[('force', 0)]),(,950000,,,[('force', 0)]),(,370000,,,[('force', 0)]),(,350000,,,[('force', 0)]),(,985000,,,[('force', 0)]),(,399999,,,[('force', 0)]),(,1450000,,,[('force', 0)]),(,325000,,,[('force', 0)]),(,518888,,.,[('force', 0)])])
(6995,(2021,01,22,19,21,06),-1,[(,915000,,,[('force', 0)]),(,500000,,,[('force', 0)]),(,514444,,,[('force', 0)]),(,460000,,,[('force', 0)]),(,950000,,,[('force', 0)]),(,370000,,,[('force', 0)]),(,350000,,,[('force', 0)]),(,985000,,,[('force', 0)]),(,399999,,,[('force', 0)]),(,1450000,,,[('force', 0)]),(,325000,,,[('force', 0)]),(,518888,,.,[('force', 0)])])
(6995,(2021,01,22,19,21,06),-1,[(,915000,,,[('force', 0)]),(,500000,,,[('force', 0)]),(,514444,,,[('force', 0)]),(,460000,,,[('force', 0)]),(,950000,,,[('force', 0)]),(,370000,,,[('force', 0)]),(,985000,,,[('force', 0)]),(,399999,,,[('force', 0)]),(,1450000,,,[('force', 0)]),(,518888,,.,[('force', 0)])])
(6995,(2021,01,22,19,21,06),-1,[(,915000,,,[('force', 0)]),(,500000,,,[('force', 0)]),(,460000,,,[('force', 0)]),(,950000,,,[('force', 0)]),(,370000,,,[('force', 0)]),(,985000,,,[('force', 0)]),(,399999,,,[('force', 0)]),(,1450000,,,[('force', 0)]),(,518888,,.,[('force', 0)])])
(6995,(2021,01,22,19,21,06),-1,[(,915000,,,[('force', 0)]),(,500000,,,[('force', 0)]),(,460000,,,[('force', 0)]),(,950000,,,[('force', 0)]),(,370000,,,[('force', 0)]),(,985000,,,[('force', 0)]),(,399999,,,[('force', 0)]),(,1450000,,,[('force', 0)]),(,518888,,.,[('force', 0)])])
(6995,(2021,01,22,19,21,06),-1,[(,915000,,,[('force', 0)]),(,500000,,,[('force', 0)]),(,460000,,,[('force', 0)]),(,950000,,,[('force', 0)]),(,370000,,,[('force', 0)]),(,985000,,,[('force', 0)]),(,399999,,,[('force', 0)]),(,1450000,,,[('force', 0)]),(,518888,,.,[('force', 0)])])
(6995,(2021,01,22,19,21,06),-1,[(,915000,,,[('force', 0)]),(,500000,,,[('force', 0)]),(,460000,,,[('force', 0)]),(,950000,,,[('force', 0)]),(,985000,,,[('force', 0)]),(,399999,,,[('force', 0)]),(,1450000,,,[('force', 0)]),(,518888,,.,[('force', 0)])])
(6995,(2021,01,22,19,21,35),-1,[(,915000,,,[('force', 0)]),(,500000,,,[('force', 0)]),(,514444,,,[('force', 0)]),(,460000,,,[('force', 0)]),(,950000,,,[('force', 0)]),(,370000,,,[('force', 0)]),(,350000,,,[('force', 0)]),(,985000,,,[('force', 0)]),(,399999,,,[('force', 0)]),(,1450000,,,[('force', 0)]),(,325000,,,[('force', 0)]),(,518888,,.,[('force', 0)])])
(6995,(2021,01,22,19,21,35),-1,[(,915000,,,[('force', 0)]),(,500000,,,[('force', 0)]),(,514444,,,[('force', 0)]),(,460000,,,[('force', 0)]),(,950000,,,[('force', 0)]),(,370000,,,[('force', 0)]),(,350000,,,[('force', 0)]),(,985000,,,[('force', 0)]),(,399999,,,[('force', 0)]),(,1450000,,,[('force', 0)]),(,325000,,,[('force', 0)]),(,518888,,.,[('force', 0)])])
(6995,(2021,01,22,19,21,35),-1,[(,915000,,,[('force', 0)]),(,500000,,,[('force', 0)]),(,514444,,,[('force', 0)]),(,460000,,,[('force', 0)]),(,950000,,,[('force', 0)]),(,370000,,,[('force', 0)]),(,985000,,,[('force', 0)]),(,399999,,,[('force', 0)]),(,1450000,,,[('force', 0)]),(,518888,,.,[('force', 0)])])
(6995,(2021,01,22,19,21,35),-1,[(,915000,,,[('force', 0)]),(,500000,,,[('force', 0)]),(,460000,,,[('force', 0)]),(,950000,,,[('force', 0)]),(,370000,,,[('force', 0)]),(,985000,,,[('force', 0)]),(,399999,,,[('force', 0)]),(,1450000,,,[('force', 0)]),(,518888,,.,[('force', 0)])])
(6995,(2021,01,22,19,21,35),-1,[(,915000,,,[('force', 0)]),(,500000,,,[('force', 0)]),(,460000,,,[('force', 0)]),(,950000,,,[('force', 0)]),(,370000,,,[('force', 0)]),(,985000,,,[('force', 0)]),(,399999,,,[('force', 0)]),(,1450000,,,[('force', 0)]),(,518888,,.,[('force', 0)])])
(6995,(2021,01,22,19,21,35),-1,[(,915000,,,[('force', 0)]),(,500000,,,[('force', 0)]),(,460000,,,[('force', 0)]),(,950000,,,[('force', 0)]),(,370000,,,[('force', 0)]),(,985000,,,[('force', 0)]),(,399999,,,[('force', 0)]),(,1450000,,,[('force', 0)]),(,518888,,.,[('force', 0)])])
(6995,(2021,01,22,19,21,35),-1,[(,915000,,,[('force', 0)]),(,500000,,,[('force', 0)]),(,460000,,,[('force', 0)]),(,950000,,,[('force', 0)]),(,985000,,,[('force', 0)]),(,399999,,,[('force', 0)]),(,1450000,,,[('force', 0)]),(,518888,,.,[('force', 0)])])
