(732,(2021,01,22,18,25,14),-1,[(,163999,,,[('force', 0)]),(,180000,,,[('force', 0)]),(,195000,,,[('force', 0)]),(,142998,,.,[('force', 0)])])
(732,(2021,01,22,18,25,14),-1,[(,163999,,,[('force', 0)]),(,180000,,,[('force', 0)]),(,195000,,,[('force', 0)]),(,179999,,,[('force', 0)]),(,142998,,.,[('force', 0)])])
(732,(2021,01,22,18,25,14),-1,[(,164000,,,[('force', 0)]),(,180000,,,[('force', 0)]),(,194000,,,[('force', 0)]),(,142998,,.,[('force', 0)])])
(732,(2021,01,22,18,25,14),-1,[(,164000,,,[('force', 0)]),(,180000,,,[('force', 0)]),(,195000,,,[('force', 0)]),(,142998,,.,[('force', 0)])])
(732,(2021,01,22,18,25,14),-1,[(,164000,,,[('force', 0)]),(,180000,,,[('force', 0)]),(,195000,,,[('force', 0)]),(,142998,,.,[('force', 0)])])
(732,(2021,01,22,18,25,14),-1,[(,165000,,,[('force', 0)]),(,142997,,.,[('force', 0)])])
(732,(2021,01,22,18,25,14),-1,[(,165000,,,[('force', 0)]),(,142998,,.,[('force', 0)])])
(732,(2021,01,22,18,25,37),-1,[(,163999,,,[('force', 0)]),(,180000,,,[('force', 0)]),(,195000,,,[('force', 0)]),(,142998,,.,[('force', 0)])])
(732,(2021,01,22,18,25,37),-1,[(,163999,,,[('force', 0)]),(,180000,,,[('force', 0)]),(,195000,,,[('force', 0)]),(,179999,,,[('force', 0)]),(,142998,,.,[('force', 0)])])
(732,(2021,01,22,18,25,37),-1,[(,164000,,,[('force', 0)]),(,180000,,,[('force', 0)]),(,194000,,,[('force', 0)]),(,142998,,.,[('force', 0)])])
(732,(2021,01,22,18,25,37),-1,[(,164000,,,[('force', 0)]),(,180000,,,[('force', 0)]),(,195000,,,[('force', 0)]),(,142998,,.,[('force', 0)])])
(732,(2021,01,22,18,25,37),-1,[(,164000,,,[('force', 0)]),(,180000,,,[('force', 0)]),(,195000,,,[('force', 0)]),(,142998,,.,[('force', 0)])])
(732,(2021,01,22,18,25,37),-1,[(,165000,,,[('force', 0)]),(,142997,,.,[('force', 0)])])
(732,(2021,01,22,18,25,37),-1,[(,165000,,,[('force', 0)]),(,142998,,.,[('force', 0)])])
