(781,(2021,01,22,18,25,14),-1,[(,20000,,,[('force', 0)]),(,35643,,.,[('force', 0)])])
(781,(2021,01,22,18,25,14),-1,[(,20000,,,[('force', 0)]),(,35643,,.,[('force', 0)])])
(781,(2021,01,22,18,25,14),-1,[(,20000,,,[('force', 0)]),(,35643,,.,[('force', 0)])])
(781,(2021,01,22,18,25,14),-1,[(,20000,,,[('force', 0)]),(,35643,,.,[('force', 0)])])
(781,(2021,01,22,18,25,14),-1,[(,35643,,.,[('force', 0)])])
(781,(2021,01,22,18,25,14),-1,[(,35643,,.,[('force', 0)])])
(781,(2021,01,22,18,25,14),-1,[(,35643,,.,[('force', 0)])])
(781,(2021,01,22,18,25,37),-1,[(,20000,,,[('force', 0)]),(,35643,,.,[('force', 0)])])
(781,(2021,01,22,18,25,37),-1,[(,20000,,,[('force', 0)]),(,35643,,.,[('force', 0)])])
(781,(2021,01,22,18,25,37),-1,[(,20000,,,[('force', 0)]),(,35643,,.,[('force', 0)])])
(781,(2021,01,22,18,25,37),-1,[(,20000,,,[('force', 0)]),(,35643,,.,[('force', 0)])])
(781,(2021,01,22,18,25,37),-1,[(,35643,,.,[('force', 0)])])
(781,(2021,01,22,18,25,37),-1,[(,35643,,.,[('force', 0)])])
(781,(2021,01,22,18,25,37),-1,[(,35643,,.,[('force', 0)])])
