(8132,(2021,01,22,19,21,06),-1,[(,4499,,,[('force', 0)]),(,4499,,,[('force', 0)]),(,5000,,,[('force', 0)]),(,5000,,,[('force', 0)]),(,4499,,,[('force', 0)]),(,9000,,,[('force', 0)]),(,4499,,,[('force', 0)]),(,4499,,,[('force', 0)]),(,4500,,,[('force', 0)]),(,9000,,,[('force', 0)]),(,7500,,,[('force', 0)]),(,7999,,.,[('force', 0)])])
(8132,(2021,01,22,19,21,06),-1,[(,4499,,,[('force', 0)]),(,4499,,,[('force', 0)]),(,5000,,,[('force', 0)]),(,5000,,,[('force', 0)]),(,4499,,,[('force', 0)]),(,9000,,,[('force', 0)]),(,4499,,,[('force', 0)]),(,4499,,,[('force', 0)]),(,4500,,,[('force', 0)]),(,9000,,,[('force', 0)]),(,7500,,,[('force', 0)]),(,7999,,.,[('force', 0)])])
(8132,(2021,01,22,19,21,06),-1,[(,4499,,,[('force', 0)]),(,4499,,,[('force', 0)]),(,5000,,,[('force', 0)]),(,5000,,,[('force', 0)]),(,4499,,,[('force', 0)]),(,9000,,,[('force', 0)]),(,4499,,,[('force', 0)]),(,4499,,,[('force', 0)]),(,4500,,,[('force', 0)]),(,9000,,,[('force', 0)]),(,7500,,,[('force', 0)]),(,7999,,.,[('force', 0)])])
(8132,(2021,01,22,19,21,06),-1,[(,4499,,,[('force', 0)]),(,4499,,,[('force', 0)]),(,5000,,,[('force', 0)]),(,5000,,,[('force', 0)]),(,4499,,,[('force', 0)]),(,9000,,,[('force', 0)]),(,4499,,,[('force', 0)]),(,4499,,,[('force', 0)]),(,4500,,,[('force', 0)]),(,9000,,,[('force', 0)]),(,7500,,,[('force', 0)]),(,7999,,.,[('force', 0)])])
(8132,(2021,01,22,19,21,06),-1,[(,5000,,,[('force', 0)]),(,5000,,,[('force', 0)]),(,9000,,,[('force', 0)]),(,9000,,,[('force', 0)]),(,7500,,,[('force', 0)]),(,7999,,.,[('force', 0)])])
(8132,(2021,01,22,19,21,06),-1,[(,5000,,,[('force', 0)]),(,5000,,,[('force', 0)]),(,9000,,,[('force', 0)]),(,9000,,,[('force', 0)]),(,7500,,,[('force', 0)]),(,7999,,.,[('force', 0)])])
(8132,(2021,01,22,19,21,06),-1,[(,5000,,,[('force', 0)]),(,5000,,,[('force', 0)]),(,9000,,,[('force', 0)]),(,9000,,,[('force', 0)]),(,7500,,,[('force', 0)]),(,7999,,.,[('force', 0)])])
(8132,(2021,01,22,19,21,35),-1,[(,4499,,,[('force', 0)]),(,4499,,,[('force', 0)]),(,5000,,,[('force', 0)]),(,5000,,,[('force', 0)]),(,4499,,,[('force', 0)]),(,9000,,,[('force', 0)]),(,4499,,,[('force', 0)]),(,4499,,,[('force', 0)]),(,4500,,,[('force', 0)]),(,9000,,,[('force', 0)]),(,7500,,,[('force', 0)]),(,7999,,.,[('force', 0)])])
(8132,(2021,01,22,19,21,35),-1,[(,4499,,,[('force', 0)]),(,4499,,,[('force', 0)]),(,5000,,,[('force', 0)]),(,5000,,,[('force', 0)]),(,4499,,,[('force', 0)]),(,9000,,,[('force', 0)]),(,4499,,,[('force', 0)]),(,4499,,,[('force', 0)]),(,4500,,,[('force', 0)]),(,9000,,,[('force', 0)]),(,7500,,,[('force', 0)]),(,7999,,.,[('force', 0)])])
(8132,(2021,01,22,19,21,35),-1,[(,4499,,,[('force', 0)]),(,4499,,,[('force', 0)]),(,5000,,,[('force', 0)]),(,5000,,,[('force', 0)]),(,4499,,,[('force', 0)]),(,9000,,,[('force', 0)]),(,4499,,,[('force', 0)]),(,4499,,,[('force', 0)]),(,4500,,,[('force', 0)]),(,9000,,,[('force', 0)]),(,7500,,,[('force', 0)]),(,7999,,.,[('force', 0)])])
(8132,(2021,01,22,19,21,35),-1,[(,4499,,,[('force', 0)]),(,4499,,,[('force', 0)]),(,5000,,,[('force', 0)]),(,5000,,,[('force', 0)]),(,4499,,,[('force', 0)]),(,9000,,,[('force', 0)]),(,4499,,,[('force', 0)]),(,4499,,,[('force', 0)]),(,4500,,,[('force', 0)]),(,9000,,,[('force', 0)]),(,7500,,,[('force', 0)]),(,7999,,.,[('force', 0)])])
(8132,(2021,01,22,19,21,35),-1,[(,5000,,,[('force', 0)]),(,5000,,,[('force', 0)]),(,9000,,,[('force', 0)]),(,9000,,,[('force', 0)]),(,7500,,,[('force', 0)]),(,7999,,.,[('force', 0)])])
(8132,(2021,01,22,19,21,35),-1,[(,5000,,,[('force', 0)]),(,5000,,,[('force', 0)]),(,9000,,,[('force', 0)]),(,9000,,,[('force', 0)]),(,7500,,,[('force', 0)]),(,7999,,.,[('force', 0)])])
(8132,(2021,01,22,19,21,35),-1,[(,5000,,,[('force', 0)]),(,5000,,,[('force', 0)]),(,9000,,,[('force', 0)]),(,9000,,,[('force', 0)]),(,7500,,,[('force', 0)]),(,7999,,.,[('force', 0)])])
