(8134,(2021,01,22,19,21,06),-1,[(,10990,,,[('force', 0)]),(,5000,,,[('force', 0)]),(,10990,,,[('force', 0)]),(,10990,,,[('force', 0)]),(,10498,,,[('force', 0)]),(,10000,,,[('force', 0)]),(,10995,,,[('force', 0)]),(,10998,,,[('force', 0)]),(,10990,,,[('force', 0)]),(,10498,,,[('force', 0)]),(,10990,,,[('force', 0)]),(,10000,,,[('force', 0)]),(,10995,,,[('force', 0)]),(,8000,,.,[('force', 0)])])
(8134,(2021,01,22,19,21,06),-1,[(,10990,,,[('force', 0)]),(,5000,,,[('force', 0)]),(,10990,,,[('force', 0)]),(,10990,,,[('force', 0)]),(,10498,,,[('force', 0)]),(,10000,,,[('force', 0)]),(,10995,,,[('force', 0)]),(,10998,,,[('force', 0)]),(,10990,,,[('force', 0)]),(,10498,,,[('force', 0)]),(,10990,,,[('force', 0)]),(,10000,,,[('force', 0)]),(,10995,,,[('force', 0)]),(,8000,,.,[('force', 0)])])
(8134,(2021,01,22,19,21,06),-1,[(,10990,,,[('force', 0)]),(,5000,,,[('force', 0)]),(,10990,,,[('force', 0)]),(,10990,,,[('force', 0)]),(,10498,,,[('force', 0)]),(,10000,,,[('force', 0)]),(,10995,,,[('force', 0)]),(,10998,,,[('force', 0)]),(,10990,,,[('force', 0)]),(,10498,,,[('force', 0)]),(,10990,,,[('force', 0)]),(,10000,,,[('force', 0)]),(,10995,,,[('force', 0)]),(,8000,,.,[('force', 0)])])
(8134,(2021,01,22,19,21,06),-1,[(,10990,,,[('force', 0)]),(,5000,,,[('force', 0)]),(,10990,,,[('force', 0)]),(,10990,,,[('force', 0)]),(,10498,,,[('force', 0)]),(,10000,,,[('force', 0)]),(,10995,,,[('force', 0)]),(,10998,,,[('force', 0)]),(,10990,,,[('force', 0)]),(,10498,,,[('force', 0)]),(,10990,,,[('force', 0)]),(,10000,,,[('force', 0)]),(,10995,,,[('force', 0)]),(,8000,,.,[('force', 0)])])
(8134,(2021,01,22,19,21,06),-1,[(,10990,,,[('force', 0)]),(,10990,,,[('force', 0)]),(,10990,,,[('force', 0)]),(,10498,,,[('force', 0)]),(,10000,,,[('force', 0)]),(,10995,,,[('force', 0)]),(,10998,,,[('force', 0)]),(,10990,,,[('force', 0)]),(,10498,,,[('force', 0)]),(,10990,,,[('force', 0)]),(,10000,,,[('force', 0)]),(,10995,,,[('force', 0)]),(,8000,,.,[('force', 0)])])
(8134,(2021,01,22,19,21,06),-1,[(,10990,,,[('force', 0)]),(,10990,,,[('force', 0)]),(,10990,,,[('force', 0)]),(,10498,,,[('force', 0)]),(,10000,,,[('force', 0)]),(,10995,,,[('force', 0)]),(,10998,,,[('force', 0)]),(,10990,,,[('force', 0)]),(,10498,,,[('force', 0)]),(,10990,,,[('force', 0)]),(,10000,,,[('force', 0)]),(,10995,,,[('force', 0)]),(,8000,,.,[('force', 0)])])
(8134,(2021,01,22,19,21,06),-1,[(,10990,,,[('force', 0)]),(,10990,,,[('force', 0)]),(,10990,,,[('force', 0)]),(,10498,,,[('force', 0)]),(,10000,,,[('force', 0)]),(,10995,,,[('force', 0)]),(,10998,,,[('force', 0)]),(,10990,,,[('force', 0)]),(,10498,,,[('force', 0)]),(,10990,,,[('force', 0)]),(,10000,,,[('force', 0)]),(,10995,,,[('force', 0)]),(,8000,,.,[('force', 0)])])
(8134,(2021,01,22,19,21,35),-1,[(,10990,,,[('force', 0)]),(,5000,,,[('force', 0)]),(,10990,,,[('force', 0)]),(,10990,,,[('force', 0)]),(,10498,,,[('force', 0)]),(,10000,,,[('force', 0)]),(,10995,,,[('force', 0)]),(,10998,,,[('force', 0)]),(,10990,,,[('force', 0)]),(,10498,,,[('force', 0)]),(,10990,,,[('force', 0)]),(,10000,,,[('force', 0)]),(,10995,,,[('force', 0)]),(,8000,,.,[('force', 0)])])
(8134,(2021,01,22,19,21,35),-1,[(,10990,,,[('force', 0)]),(,5000,,,[('force', 0)]),(,10990,,,[('force', 0)]),(,10990,,,[('force', 0)]),(,10498,,,[('force', 0)]),(,10000,,,[('force', 0)]),(,10995,,,[('force', 0)]),(,10998,,,[('force', 0)]),(,10990,,,[('force', 0)]),(,10498,,,[('force', 0)]),(,10990,,,[('force', 0)]),(,10000,,,[('force', 0)]),(,10995,,,[('force', 0)]),(,8000,,.,[('force', 0)])])
(8134,(2021,01,22,19,21,35),-1,[(,10990,,,[('force', 0)]),(,5000,,,[('force', 0)]),(,10990,,,[('force', 0)]),(,10990,,,[('force', 0)]),(,10498,,,[('force', 0)]),(,10000,,,[('force', 0)]),(,10995,,,[('force', 0)]),(,10998,,,[('force', 0)]),(,10990,,,[('force', 0)]),(,10498,,,[('force', 0)]),(,10990,,,[('force', 0)]),(,10000,,,[('force', 0)]),(,10995,,,[('force', 0)]),(,8000,,.,[('force', 0)])])
(8134,(2021,01,22,19,21,35),-1,[(,10990,,,[('force', 0)]),(,5000,,,[('force', 0)]),(,10990,,,[('force', 0)]),(,10990,,,[('force', 0)]),(,10498,,,[('force', 0)]),(,10000,,,[('force', 0)]),(,10995,,,[('force', 0)]),(,10998,,,[('force', 0)]),(,10990,,,[('force', 0)]),(,10498,,,[('force', 0)]),(,10990,,,[('force', 0)]),(,10000,,,[('force', 0)]),(,10995,,,[('force', 0)]),(,8000,,.,[('force', 0)])])
(8134,(2021,01,22,19,21,35),-1,[(,10990,,,[('force', 0)]),(,10990,,,[('force', 0)]),(,10990,,,[('force', 0)]),(,10498,,,[('force', 0)]),(,10000,,,[('force', 0)]),(,10995,,,[('force', 0)]),(,10998,,,[('force', 0)]),(,10990,,,[('force', 0)]),(,10498,,,[('force', 0)]),(,10990,,,[('force', 0)]),(,10000,,,[('force', 0)]),(,10995,,,[('force', 0)]),(,8000,,.,[('force', 0)])])
(8134,(2021,01,22,19,21,35),-1,[(,10990,,,[('force', 0)]),(,10990,,,[('force', 0)]),(,10990,,,[('force', 0)]),(,10498,,,[('force', 0)]),(,10000,,,[('force', 0)]),(,10995,,,[('force', 0)]),(,10998,,,[('force', 0)]),(,10990,,,[('force', 0)]),(,10498,,,[('force', 0)]),(,10990,,,[('force', 0)]),(,10000,,,[('force', 0)]),(,10995,,,[('force', 0)]),(,8000,,.,[('force', 0)])])
(8134,(2021,01,22,19,21,35),-1,[(,10990,,,[('force', 0)]),(,10990,,,[('force', 0)]),(,10990,,,[('force', 0)]),(,10498,,,[('force', 0)]),(,10000,,,[('force', 0)]),(,10995,,,[('force', 0)]),(,10998,,,[('force', 0)]),(,10990,,,[('force', 0)]),(,10498,,,[('force', 0)]),(,10990,,,[('force', 0)]),(,10000,,,[('force', 0)]),(,10995,,,[('force', 0)]),(,8000,,.,[('force', 0)])])
(8134,(2021,01,22,19,24,09),-1,[(,10990,,,[('force', 0)]),(,5000,,,[('force', 0)]),(,10990,,,[('force', 0)]),(,10990,,,[('force', 0)]),(,10498,,,[('force', 0)]),(,10000,,,[('force', 0)]),(,10995,,,[('force', 0)]),(,10998,,,[('force', 0)]),(,10990,,,[('force', 0)]),(,10498,,,[('force', 0)]),(,10990,,,[('force', 0)]),(,10000,,,[('force', 0)]),(,10995,,,[('force', 0)]),(,8000,,.,[('force', 0)])])
(8134,(2021,01,22,19,24,09),-1,[(,10990,,,[('force', 0)]),(,5000,,,[('force', 0)]),(,10990,,,[('force', 0)]),(,10990,,,[('force', 0)]),(,10498,,,[('force', 0)]),(,10000,,,[('force', 0)]),(,10995,,,[('force', 0)]),(,10998,,,[('force', 0)]),(,10990,,,[('force', 0)]),(,10498,,,[('force', 0)]),(,10990,,,[('force', 0)]),(,10000,,,[('force', 0)]),(,10995,,,[('force', 0)]),(,8000,,.,[('force', 0)])])
(8134,(2021,01,22,19,24,09),-1,[(,10990,,,[('force', 0)]),(,5000,,,[('force', 0)]),(,10990,,,[('force', 0)]),(,10990,,,[('force', 0)]),(,10498,,,[('force', 0)]),(,10000,,,[('force', 0)]),(,10995,,,[('force', 0)]),(,10998,,,[('force', 0)]),(,10990,,,[('force', 0)]),(,10498,,,[('force', 0)]),(,10990,,,[('force', 0)]),(,10000,,,[('force', 0)]),(,10995,,,[('force', 0)]),(,8000,,.,[('force', 0)])])
(8134,(2021,01,22,19,24,09),-1,[(,10990,,,[('force', 0)]),(,5000,,,[('force', 0)]),(,10990,,,[('force', 0)]),(,10990,,,[('force', 0)]),(,10498,,,[('force', 0)]),(,10000,,,[('force', 0)]),(,10995,,,[('force', 0)]),(,10998,,,[('force', 0)]),(,10990,,,[('force', 0)]),(,10498,,,[('force', 0)]),(,10990,,,[('force', 0)]),(,10000,,,[('force', 0)]),(,10995,,,[('force', 0)]),(,8000,,.,[('force', 0)])])
(8134,(2021,01,22,19,24,09),-1,[(,10990,,,[('force', 0)]),(,10990,,,[('force', 0)]),(,10990,,,[('force', 0)]),(,10498,,,[('force', 0)]),(,10000,,,[('force', 0)]),(,10995,,,[('force', 0)]),(,10998,,,[('force', 0)]),(,10990,,,[('force', 0)]),(,10498,,,[('force', 0)]),(,10990,,,[('force', 0)]),(,10000,,,[('force', 0)]),(,10995,,,[('force', 0)]),(,8000,,.,[('force', 0)])])
(8134,(2021,01,22,19,24,09),-1,[(,10990,,,[('force', 0)]),(,10990,,,[('force', 0)]),(,10990,,,[('force', 0)]),(,10498,,,[('force', 0)]),(,10000,,,[('force', 0)]),(,10995,,,[('force', 0)]),(,10998,,,[('force', 0)]),(,10990,,,[('force', 0)]),(,10498,,,[('force', 0)]),(,10990,,,[('force', 0)]),(,10000,,,[('force', 0)]),(,10995,,,[('force', 0)]),(,8000,,.,[('force', 0)])])
(8134,(2021,01,22,19,24,09),-1,[(,10990,,,[('force', 0)]),(,10990,,,[('force', 0)]),(,10990,,,[('force', 0)]),(,10498,,,[('force', 0)]),(,10000,,,[('force', 0)]),(,10995,,,[('force', 0)]),(,10998,,,[('force', 0)]),(,10990,,,[('force', 0)]),(,10498,,,[('force', 0)]),(,10990,,,[('force', 0)]),(,10000,,,[('force', 0)]),(,10995,,,[('force', 0)]),(,8000,,.,[('force', 0)])])
