(8631,(2021,01,22,18,25,14),-1,[(,655501,,.,[('force', 0)])])
(8631,(2021,01,22,18,25,14),-1,[(,655501,,.,[('force', 0)])])
(8631,(2021,01,22,18,25,14),-1,[(,655501,,.,[('force', 0)])])
(8631,(2021,01,22,18,25,14),-1,[(,655501,,.,[('force', 0)])])
(8631,(2021,01,22,18,25,14),-1,[(,655501,,.,[('force', 0)])])
(8631,(2021,01,22,18,25,14),-1,[(,655501,,.,[('force', 0)])])
(8631,(2021,01,22,18,25,14),-1,[(,655501,,.,[('force', 0)])])
(8631,(2021,01,22,18,25,37),-1,[(,655501,,.,[('force', 0)])])
(8631,(2021,01,22,18,25,37),-1,[(,655501,,.,[('force', 0)])])
(8631,(2021,01,22,18,25,37),-1,[(,655501,,.,[('force', 0)])])
(8631,(2021,01,22,18,25,37),-1,[(,655501,,.,[('force', 0)])])
(8631,(2021,01,22,18,25,37),-1,[(,655501,,.,[('force', 0)])])
(8631,(2021,01,22,18,25,37),-1,[(,655501,,.,[('force', 0)])])
(8631,(2021,01,22,18,25,37),-1,[(,655501,,.,[('force', 0)])])
