(8746,(2021,01,22,18,25,14),-1,[(,2099,23999,.,[('force', 0)])])
(8746,(2021,01,22,18,25,14),-1,[(,2099,23999,.,[('force', 0)])])
(8746,(2021,01,22,18,25,14),-1,[(,2099,23999,.,[('force', 0)])])
(8746,(2021,01,22,18,25,14),-1,[(,2099,23999,.,[('force', 0)])])
(8746,(2021,01,22,18,25,14),-1,[(,2099,23999,.,[('force', 0)])])
(8746,(2021,01,22,18,25,14),-1,[(,2099,23999,.,[('force', 0)])])
(8746,(2021,01,22,18,25,37),-1,[(,2099,23999,.,[('force', 0)])])
(8746,(2021,01,22,18,25,37),-1,[(,2099,23999,.,[('force', 0)])])
(8746,(2021,01,22,18,25,37),-1,[(,2099,23999,.,[('force', 0)])])
(8746,(2021,01,22,18,25,37),-1,[(,2099,23999,.,[('force', 0)])])
(8746,(2021,01,22,18,25,37),-1,[(,2099,23999,.,[('force', 0)])])
(8746,(2021,01,22,18,25,37),-1,[(,2099,23999,.,[('force', 0)])])
