(9127,(2021,01,22,19,21,06),-1,[(,199999,,,[('force', 0)]),(,550000,,,[('force', 0)]),(,199999,,,[('force', 0)]),(,267666,,,[('force', 0)]),(,240000,,,[('force', 0)]),(,199999,,,[('force', 0)]),(,230000,,,[('force', 0)]),(,300000,,,[('force', 0)]),(,320000,,,[('force', 0)]),(,199999,,,[('force', 0)]),(,179990,,,[('force', 0)]),(,450000,,,[('force', 0)]),(,320000,,,[('force', 0)]),(,195555,,.,[('force', 0)])])
(9127,(2021,01,22,19,21,06),-1,[(,199999,,,[('force', 0)]),(,550000,,,[('force', 0)]),(,199999,,,[('force', 0)]),(,267666,,,[('force', 0)]),(,240000,,,[('force', 0)]),(,199999,,,[('force', 0)]),(,230000,,,[('force', 0)]),(,300000,,,[('force', 0)]),(,320000,,,[('force', 0)]),(,199999,,,[('force', 0)]),(,179990,,,[('force', 0)]),(,450000,,,[('force', 0)]),(,320000,,,[('force', 0)]),(,195555,,.,[('force', 0)])])
(9127,(2021,01,22,19,21,06),-1,[(,199999,,,[('force', 0)]),(,550000,,,[('force', 0)]),(,199999,,,[('force', 0)]),(,267666,,,[('force', 0)]),(,240000,,,[('force', 0)]),(,199999,,,[('force', 0)]),(,230000,,,[('force', 0)]),(,300000,,,[('force', 0)]),(,320000,,,[('force', 0)]),(,199999,,,[('force', 0)]),(,179990,,,[('force', 0)]),(,450000,,,[('force', 0)]),(,320000,,,[('force', 0)]),(,195555,,.,[('force', 0)])])
(9127,(2021,01,22,19,21,06),-1,[(,199999,,,[('force', 0)]),(,550000,,,[('force', 0)]),(,199999,,,[('force', 0)]),(,267666,,,[('force', 0)]),(,240000,,,[('force', 0)]),(,199999,,,[('force', 0)]),(,230000,,,[('force', 0)]),(,300000,,,[('force', 0)]),(,320000,,,[('force', 0)]),(,199999,,,[('force', 0)]),(,179990,,,[('force', 0)]),(,450000,,,[('force', 0)]),(,320000,,,[('force', 0)]),(,195555,,.,[('force', 0)])])
(9127,(2021,01,22,19,21,06),-1,[(,199999,,,[('force', 0)]),(,550000,,,[('force', 0)]),(,199999,,,[('force', 0)]),(,267666,,,[('force', 0)]),(,240000,,,[('force', 0)]),(,199999,,,[('force', 0)]),(,230000,,,[('force', 0)]),(,300000,,,[('force', 0)]),(,320000,,,[('force', 0)]),(,199999,,,[('force', 0)]),(,179990,,,[('force', 0)]),(,450000,,,[('force', 0)]),(,320000,,.,[('force', 0)])])
(9127,(2021,01,22,19,21,06),-1,[(,199999,,,[('force', 0)]),(,550000,,,[('force', 0)]),(,199999,,,[('force', 0)]),(,267666,,,[('force', 0)]),(,240000,,,[('force', 0)]),(,199999,,,[('force', 0)]),(,230000,,,[('force', 0)]),(,300000,,,[('force', 0)]),(,320000,,,[('force', 0)]),(,199999,,,[('force', 0)]),(,179990,,,[('force', 0)]),(,450000,,,[('force', 0)]),(,320000,,.,[('force', 0)])])
(9127,(2021,01,22,19,21,06),-1,[(,199999,,,[('force', 0)]),(,550000,,,[('force', 0)]),(,199999,,,[('force', 0)]),(,267666,,,[('force', 0)]),(,240000,,,[('force', 0)]),(,199999,,,[('force', 0)]),(,230000,,,[('force', 0)]),(,300000,,,[('force', 0)]),(,320000,,,[('force', 0)]),(,199999,,,[('force', 0)]),(,179990,,,[('force', 0)]),(,450000,,,[('force', 0)]),(,320000,,.,[('force', 0)])])
(9127,(2021,01,22,19,21,35),-1,[(,199999,,,[('force', 0)]),(,550000,,,[('force', 0)]),(,199999,,,[('force', 0)]),(,267666,,,[('force', 0)]),(,240000,,,[('force', 0)]),(,199999,,,[('force', 0)]),(,230000,,,[('force', 0)]),(,300000,,,[('force', 0)]),(,320000,,,[('force', 0)]),(,199999,,,[('force', 0)]),(,179990,,,[('force', 0)]),(,450000,,,[('force', 0)]),(,320000,,,[('force', 0)]),(,195555,,.,[('force', 0)])])
(9127,(2021,01,22,19,21,35),-1,[(,199999,,,[('force', 0)]),(,550000,,,[('force', 0)]),(,199999,,,[('force', 0)]),(,267666,,,[('force', 0)]),(,240000,,,[('force', 0)]),(,199999,,,[('force', 0)]),(,230000,,,[('force', 0)]),(,300000,,,[('force', 0)]),(,320000,,,[('force', 0)]),(,199999,,,[('force', 0)]),(,179990,,,[('force', 0)]),(,450000,,,[('force', 0)]),(,320000,,,[('force', 0)]),(,195555,,.,[('force', 0)])])
(9127,(2021,01,22,19,21,35),-1,[(,199999,,,[('force', 0)]),(,550000,,,[('force', 0)]),(,199999,,,[('force', 0)]),(,267666,,,[('force', 0)]),(,240000,,,[('force', 0)]),(,199999,,,[('force', 0)]),(,230000,,,[('force', 0)]),(,300000,,,[('force', 0)]),(,320000,,,[('force', 0)]),(,199999,,,[('force', 0)]),(,179990,,,[('force', 0)]),(,450000,,,[('force', 0)]),(,320000,,,[('force', 0)]),(,195555,,.,[('force', 0)])])
(9127,(2021,01,22,19,21,35),-1,[(,199999,,,[('force', 0)]),(,550000,,,[('force', 0)]),(,199999,,,[('force', 0)]),(,267666,,,[('force', 0)]),(,240000,,,[('force', 0)]),(,199999,,,[('force', 0)]),(,230000,,,[('force', 0)]),(,300000,,,[('force', 0)]),(,320000,,,[('force', 0)]),(,199999,,,[('force', 0)]),(,179990,,,[('force', 0)]),(,450000,,,[('force', 0)]),(,320000,,,[('force', 0)]),(,195555,,.,[('force', 0)])])
(9127,(2021,01,22,19,21,35),-1,[(,199999,,,[('force', 0)]),(,550000,,,[('force', 0)]),(,199999,,,[('force', 0)]),(,267666,,,[('force', 0)]),(,240000,,,[('force', 0)]),(,199999,,,[('force', 0)]),(,230000,,,[('force', 0)]),(,300000,,,[('force', 0)]),(,320000,,,[('force', 0)]),(,199999,,,[('force', 0)]),(,179990,,,[('force', 0)]),(,450000,,,[('force', 0)]),(,320000,,.,[('force', 0)])])
(9127,(2021,01,22,19,21,35),-1,[(,199999,,,[('force', 0)]),(,550000,,,[('force', 0)]),(,199999,,,[('force', 0)]),(,267666,,,[('force', 0)]),(,240000,,,[('force', 0)]),(,199999,,,[('force', 0)]),(,230000,,,[('force', 0)]),(,300000,,,[('force', 0)]),(,320000,,,[('force', 0)]),(,199999,,,[('force', 0)]),(,179990,,,[('force', 0)]),(,450000,,,[('force', 0)]),(,320000,,.,[('force', 0)])])
(9127,(2021,01,22,19,21,35),-1,[(,199999,,,[('force', 0)]),(,550000,,,[('force', 0)]),(,199999,,,[('force', 0)]),(,267666,,,[('force', 0)]),(,240000,,,[('force', 0)]),(,199999,,,[('force', 0)]),(,230000,,,[('force', 0)]),(,300000,,,[('force', 0)]),(,320000,,,[('force', 0)]),(,199999,,,[('force', 0)]),(,179990,,,[('force', 0)]),(,450000,,,[('force', 0)]),(,320000,,.,[('force', 0)])])
