(967,(2021,01,22,18,25,14),-1,[(,1500000,,,[('force', 0)]),(,2500000,,,[('force', 0)]),(,1499999,,,[('force', 0)]),(,1200000,,,[('force', 0)]),(,59999012,,,[('force', 0)]),(,1699999,,,[('force', 0)]),(,1050000,,,[('force', 0)]),(,899999,,,[('force', 0)]),(,1200000,,,[('force', 0)]),(,2775892,,,[('force', 0)]),(,1100000,,,[('force', 0)]),(,3156333,,,[('force', 0)]),(,1355000,,,[('force', 0)]),(,2777777,,.,[('force', 0)])])
(967,(2021,01,22,18,25,14),-1,[(,1500000,,,[('force', 0)]),(,2500000,,,[('force', 0)]),(,1499999,,,[('force', 0)]),(,1200000,,,[('force', 0)]),(,59999012,,,[('force', 0)]),(,1699999,,,[('force', 0)]),(,1050000,,,[('force', 0)]),(,899999,,,[('force', 0)]),(,1200000,,,[('force', 0)]),(,2775892,,,[('force', 0)]),(,1100000,,,[('force', 0)]),(,3156333,,,[('force', 0)]),(,1355000,,,[('force', 0)]),(,2777777,,.,[('force', 0)])])
(967,(2021,01,22,18,25,14),-1,[(,1500000,,,[('force', 0)]),(,2500000,,,[('force', 0)]),(,1499999,,,[('force', 0)]),(,1200000,,,[('force', 0)]),(,59999012,,,[('force', 0)]),(,1699999,,,[('force', 0)]),(,1050000,,,[('force', 0)]),(,899999,,,[('force', 0)]),(,1200000,,,[('force', 0)]),(,2775892,,,[('force', 0)]),(,1100000,,,[('force', 0)]),(,3156333,,,[('force', 0)]),(,1355000,,,[('force', 0)]),(,2777777,,.,[('force', 0)])])
(967,(2021,01,22,18,25,14),-1,[(,1500000,,,[('force', 0)]),(,2500000,,,[('force', 0)]),(,1499999,,,[('force', 0)]),(,1200000,,,[('force', 0)]),(,59999012,,,[('force', 0)]),(,1699999,,,[('force', 0)]),(,1050000,,,[('force', 0)]),(,899999,,,[('force', 0)]),(,1200000,,,[('force', 0)]),(,2775892,,,[('force', 0)]),(,1100000,,,[('force', 0)]),(,3156333,,,[('force', 0)]),(,1355000,,,[('force', 0)]),(,2777777,,.,[('force', 0)])])
(967,(2021,01,22,18,25,14),-1,[(,1500000,,,[('force', 0)]),(,2500000,,,[('force', 0)]),(,1499999,,,[('force', 0)]),(,59999012,,,[('force', 0)]),(,1699999,,,[('force', 0)]),(,1050000,,,[('force', 0)]),(,899999,,,[('force', 0)]),(,1200000,,,[('force', 0)]),(,2775892,,,[('force', 0)]),(,1100000,,,[('force', 0)]),(,3156333,,,[('force', 0)]),(,1355000,,,[('force', 0)]),(,2777777,,.,[('force', 0)])])
(967,(2021,01,22,18,25,14),-1,[(,1500000,,,[('force', 0)]),(,2500000,,,[('force', 0)]),(,1499999,,,[('force', 0)]),(,59999012,,,[('force', 0)]),(,1699999,,,[('force', 0)]),(,1050000,,,[('force', 0)]),(,899999,,,[('force', 0)]),(,1200000,,,[('force', 0)]),(,2775892,,,[('force', 0)]),(,1100000,,,[('force', 0)]),(,3156333,,,[('force', 0)]),(,1355000,,,[('force', 0)]),(,2777777,,.,[('force', 0)])])
(967,(2021,01,22,18,25,14),-1,[(,1500000,,,[('force', 0)]),(,2500000,,,[('force', 0)]),(,1499999,,,[('force', 0)]),(,59999012,,,[('force', 0)]),(,1699999,,,[('force', 0)]),(,1050000,,,[('force', 0)]),(,899999,,,[('force', 0)]),(,1200000,,,[('force', 0)]),(,2775892,,,[('force', 0)]),(,1100000,,,[('force', 0)]),(,3156333,,,[('force', 0)]),(,1355000,,,[('force', 0)]),(,2777777,,.,[('force', 0)])])
(967,(2021,01,22,18,25,37),-1,[(,1500000,,,[('force', 0)]),(,2500000,,,[('force', 0)]),(,1499999,,,[('force', 0)]),(,1200000,,,[('force', 0)]),(,59999012,,,[('force', 0)]),(,1699999,,,[('force', 0)]),(,1050000,,,[('force', 0)]),(,899999,,,[('force', 0)]),(,1200000,,,[('force', 0)]),(,2775892,,,[('force', 0)]),(,1100000,,,[('force', 0)]),(,3156333,,,[('force', 0)]),(,1355000,,,[('force', 0)]),(,2777777,,.,[('force', 0)])])
(967,(2021,01,22,18,25,37),-1,[(,1500000,,,[('force', 0)]),(,2500000,,,[('force', 0)]),(,1499999,,,[('force', 0)]),(,1200000,,,[('force', 0)]),(,59999012,,,[('force', 0)]),(,1699999,,,[('force', 0)]),(,1050000,,,[('force', 0)]),(,899999,,,[('force', 0)]),(,1200000,,,[('force', 0)]),(,2775892,,,[('force', 0)]),(,1100000,,,[('force', 0)]),(,3156333,,,[('force', 0)]),(,1355000,,,[('force', 0)]),(,2777777,,.,[('force', 0)])])
(967,(2021,01,22,18,25,37),-1,[(,1500000,,,[('force', 0)]),(,2500000,,,[('force', 0)]),(,1499999,,,[('force', 0)]),(,1200000,,,[('force', 0)]),(,59999012,,,[('force', 0)]),(,1699999,,,[('force', 0)]),(,1050000,,,[('force', 0)]),(,899999,,,[('force', 0)]),(,1200000,,,[('force', 0)]),(,2775892,,,[('force', 0)]),(,1100000,,,[('force', 0)]),(,3156333,,,[('force', 0)]),(,1355000,,,[('force', 0)]),(,2777777,,.,[('force', 0)])])
(967,(2021,01,22,18,25,37),-1,[(,1500000,,,[('force', 0)]),(,2500000,,,[('force', 0)]),(,1499999,,,[('force', 0)]),(,1200000,,,[('force', 0)]),(,59999012,,,[('force', 0)]),(,1699999,,,[('force', 0)]),(,1050000,,,[('force', 0)]),(,899999,,,[('force', 0)]),(,1200000,,,[('force', 0)]),(,2775892,,,[('force', 0)]),(,1100000,,,[('force', 0)]),(,3156333,,,[('force', 0)]),(,1355000,,,[('force', 0)]),(,2777777,,.,[('force', 0)])])
(967,(2021,01,22,18,25,37),-1,[(,1500000,,,[('force', 0)]),(,2500000,,,[('force', 0)]),(,1499999,,,[('force', 0)]),(,59999012,,,[('force', 0)]),(,1699999,,,[('force', 0)]),(,1050000,,,[('force', 0)]),(,899999,,,[('force', 0)]),(,1200000,,,[('force', 0)]),(,2775892,,,[('force', 0)]),(,1100000,,,[('force', 0)]),(,3156333,,,[('force', 0)]),(,1355000,,,[('force', 0)]),(,2777777,,.,[('force', 0)])])
(967,(2021,01,22,18,25,37),-1,[(,1500000,,,[('force', 0)]),(,2500000,,,[('force', 0)]),(,1499999,,,[('force', 0)]),(,59999012,,,[('force', 0)]),(,1699999,,,[('force', 0)]),(,1050000,,,[('force', 0)]),(,899999,,,[('force', 0)]),(,1200000,,,[('force', 0)]),(,2775892,,,[('force', 0)]),(,1100000,,,[('force', 0)]),(,3156333,,,[('force', 0)]),(,1355000,,,[('force', 0)]),(,2777777,,.,[('force', 0)])])
(967,(2021,01,22,18,25,37),-1,[(,1500000,,,[('force', 0)]),(,2500000,,,[('force', 0)]),(,1499999,,,[('force', 0)]),(,59999012,,,[('force', 0)]),(,1699999,,,[('force', 0)]),(,1050000,,,[('force', 0)]),(,899999,,,[('force', 0)]),(,1200000,,,[('force', 0)]),(,2775892,,,[('force', 0)]),(,1100000,,,[('force', 0)]),(,3156333,,,[('force', 0)]),(,1355000,,,[('force', 0)]),(,2777777,,.,[('force', 0)])])
