(971,(2021,01,22,18,25,14),-1,[(,72900,,,[('force', 0)]),(,72900,,,[('force', 0)]),(,59995,,,[('force', 0)]),(,59995,,,[('force', 0)]),(,80000,,,[('force', 0)]),(,60000,,,[('force', 0)]),(,60800,,,[('force', 0)]),(,60800,,.,[('force', 0)])])
(971,(2021,01,22,18,25,14),-1,[(,72900,,,[('force', 0)]),(,72900,,,[('force', 0)]),(,59995,,,[('force', 0)]),(,59995,,,[('force', 0)]),(,80000,,,[('force', 0)]),(,60000,,,[('force', 0)]),(,60800,,,[('force', 0)]),(,60800,,.,[('force', 0)])])
(971,(2021,01,22,18,25,14),-1,[(,72900,,,[('force', 0)]),(,72900,,,[('force', 0)]),(,59995,,,[('force', 0)]),(,59995,,,[('force', 0)]),(,80000,,,[('force', 0)]),(,60000,,,[('force', 0)]),(,60800,,,[('force', 0)]),(,60800,,.,[('force', 0)])])
(971,(2021,01,22,18,25,14),-1,[(,72900,,,[('force', 0)]),(,72900,,,[('force', 0)]),(,59995,,,[('force', 0)]),(,59995,,,[('force', 0)]),(,80000,,,[('force', 0)]),(,60000,,,[('force', 0)]),(,60800,,,[('force', 0)]),(,60800,,.,[('force', 0)])])
(971,(2021,01,22,18,25,14),-1,[(,59995,,,[('force', 0)]),(,59995,,,[('force', 0)]),(,80000,,,[('force', 0)]),(,60000,,,[('force', 0)]),(,60800,,,[('force', 0)]),(,60800,,.,[('force', 0)])])
(971,(2021,01,22,18,25,14),-1,[(,59995,,,[('force', 0)]),(,59995,,,[('force', 0)]),(,80000,,,[('force', 0)]),(,60000,,,[('force', 0)]),(,60800,,,[('force', 0)]),(,60800,,.,[('force', 0)])])
(971,(2021,01,22,18,25,14),-1,[(,59995,,,[('force', 0)]),(,59995,,,[('force', 0)]),(,80000,,,[('force', 0)]),(,60000,,,[('force', 0)]),(,60800,,,[('force', 0)]),(,60800,,.,[('force', 0)])])
(971,(2021,01,22,18,25,37),-1,[(,72900,,,[('force', 0)]),(,72900,,,[('force', 0)]),(,59995,,,[('force', 0)]),(,59995,,,[('force', 0)]),(,80000,,,[('force', 0)]),(,60000,,,[('force', 0)]),(,60800,,,[('force', 0)]),(,60800,,.,[('force', 0)])])
(971,(2021,01,22,18,25,37),-1,[(,72900,,,[('force', 0)]),(,72900,,,[('force', 0)]),(,59995,,,[('force', 0)]),(,59995,,,[('force', 0)]),(,80000,,,[('force', 0)]),(,60000,,,[('force', 0)]),(,60800,,,[('force', 0)]),(,60800,,.,[('force', 0)])])
(971,(2021,01,22,18,25,37),-1,[(,72900,,,[('force', 0)]),(,72900,,,[('force', 0)]),(,59995,,,[('force', 0)]),(,59995,,,[('force', 0)]),(,80000,,,[('force', 0)]),(,60000,,,[('force', 0)]),(,60800,,,[('force', 0)]),(,60800,,.,[('force', 0)])])
(971,(2021,01,22,18,25,37),-1,[(,72900,,,[('force', 0)]),(,72900,,,[('force', 0)]),(,59995,,,[('force', 0)]),(,59995,,,[('force', 0)]),(,80000,,,[('force', 0)]),(,60000,,,[('force', 0)]),(,60800,,,[('force', 0)]),(,60800,,.,[('force', 0)])])
(971,(2021,01,22,18,25,37),-1,[(,59995,,,[('force', 0)]),(,59995,,,[('force', 0)]),(,80000,,,[('force', 0)]),(,60000,,,[('force', 0)]),(,60800,,,[('force', 0)]),(,60800,,.,[('force', 0)])])
(971,(2021,01,22,18,25,37),-1,[(,59995,,,[('force', 0)]),(,59995,,,[('force', 0)]),(,80000,,,[('force', 0)]),(,60000,,,[('force', 0)]),(,60800,,,[('force', 0)]),(,60800,,.,[('force', 0)])])
(971,(2021,01,22,18,25,37),-1,[(,59995,,,[('force', 0)]),(,59995,,,[('force', 0)]),(,80000,,,[('force', 0)]),(,60000,,,[('force', 0)]),(,60800,,,[('force', 0)]),(,60800,,.,[('force', 0)])])
